rollout/ep_len_mean,train/n_updates,train/loss,time/total_timesteps,rollout/exploration_rate,train/learning_rate,time/time_elapsed,time/fps,rollout/ep_rew_mean,time/episodes
6.5,24,0.06269947532564402,26,0.9980499999999997,0.00063,2,11,4.50620125,4
6.25,48,0.039474865421652794,50,0.9962500000000004,0.00063,4,11,4.15523625,8
6.5,76,0.03684969339519739,78,0.99415,0.00063,6,11,4.488062333333333,12
7.0,108,0.03533967165276408,112,0.9915999999999999,0.00063,9,11,4.9857594375,16
7.2,140,0.02859140932559967,144,0.9892,0.00063,12,11,5.108600299999999,20
7.416666666666667,176,0.026639203540980816,178,0.98665,0.00063,14,11,5.249961625,24
7.464285714285714,208,0.026379974093288183,209,0.9843249999999997,0.00063,17,11,5.197295464285715,28
7.90625,252,0.27970628440380096,253,0.9810249999999998,0.00063,21,11,5.59115165625,32
8.777777777777779,312,0.0980121586471796,316,0.9762999999999996,0.00063,26,11,6.200625499999999,36
9.05,360,0.07938237674534321,362,0.9728500000000003,0.00063,30,11,6.4264759499999995,40
8.977272727272727,392,0.09305196814239025,395,0.9703749999999999,0.00063,33,11,6.411892727272726,44
8.75,416,0.07504123169928789,420,0.9685000000000001,0.00063,35,11,6.270961479166666,48
8.807692307692308,456,0.07274685520678759,458,0.9656499999999998,0.00063,38,11,6.300000673076923,52
8.964285714285714,500,0.32956813648343086,502,0.9623499999999998,0.00063,42,11,6.422529964285714,56
8.966666666666667,536,0.15335713140666485,538,0.9596499999999996,0.00063,45,11,6.418650216666666,60
8.859375,564,0.17308468744158745,567,0.9574750000000003,0.00063,48,11,6.34457590625,64
8.779411764705882,596,0.15425415709614754,597,0.9552249999999998,0.00063,50,11,6.268804367647059,68
8.73611111111111,628,0.1452016979455948,629,0.9528249999999998,0.00063,53,11,6.228424888888889,72
8.763157894736842,664,0.14585400745272636,666,0.9500500000000001,0.00063,56,11,6.270500526315789,76
8.55,680,0.1387561373412609,684,0.9487000000000003,0.00063,57,11,6.1034331875,80
8.654761904761905,724,0.17601170763373375,727,0.945475,0.00063,61,11,6.239814964285714,84
8.636363636363637,756,0.3912595957517624,760,0.9429999999999996,0.00063,64,11,6.217261250000001,88
8.467391304347826,776,0.24844162911176682,779,0.9415750000000003,0.00063,65,11,6.080075380434783,92
8.489583333333334,812,0.21829494088888168,815,0.938875,0.00063,68,11,6.092737989583333,96
8.89,888,0.20857356488704681,889,0.9333250000000004,0.00063,75,11,6.38717197,100
8.83,908,0.19507473334670067,909,0.9318249999999997,0.00063,76,11,6.356251279999999,104
9.02,948,0.20956261456012726,952,0.9286000000000002,0.00063,80,11,6.556531839999998,108
8.98,972,0.24724552035331726,976,0.9268000000000001,0.00063,82,11,6.505844540000001,112
9.07,1016,0.30293408781290054,1019,0.9235749999999997,0.00063,86,11,6.564422300000001,116
9.06,1048,0.33887308835983276,1050,0.9212500000000003,0.00063,88,11,6.55881935,120
9.22,1096,0.2209227904677391,1100,0.9174999999999999,0.00063,93,11,6.690430369999999,124
9.09,1116,0.2421840913593769,1118,0.9161500000000002,0.00063,94,11,6.632133709999998,128
8.93,1144,0.28356608375906944,1146,0.9140499999999998,0.00063,97,11,6.50324589,132
8.68,1180,0.26871126145124435,1184,0.9112000000000002,0.00063,100,11,6.35443893,136
8.46,1204,0.3189445808529854,1208,0.9094000000000001,0.00063,102,11,6.16290072,140
8.48,1240,0.28546443581581116,1243,0.9067749999999996,0.00063,105,11,6.17499136,144
8.61,1280,0.43876759707927704,1281,0.9039250000000001,0.00063,108,11,6.26923821,148
8.65,1320,0.3743828125298023,1323,0.9007750000000003,0.00063,111,11,6.305966749999999,152
8.57,1356,0.41135547310113907,1359,0.8980750000000001,0.00063,115,11,6.24581551,156
8.77,1412,0.49881312251091003,1415,0.893875,0.00063,119,11,6.414963289999998,160
8.93,1456,0.3765939474105835,1460,0.8905000000000004,0.00063,123,11,6.536909780000001,164
9.19,1512,0.4615427255630493,1516,0.8863000000000003,0.00063,128,11,6.735959320000001,168
9.38,1564,0.5034612566232681,1567,0.8824750000000002,0.00063,132,11,6.891361249999999,172
9.46,1608,0.48424767702817917,1612,0.8790999999999998,0.00063,136,11,6.934018580000002,176
9.91,1672,0.5185423344373703,1675,0.8743749999999997,0.00063,141,11,7.277015690000002,180
9.68,1692,0.39389050379395485,1695,0.8728749999999998,0.00063,143,11,7.0407889599999995,184
9.72,1728,0.47688671946525574,1732,0.8701,0.00063,146,11,7.069867649999999,188
9.67,1744,0.38486817479133606,1746,0.8690499999999998,0.00063,147,11,7.03453402,192
9.71,1784,0.5339450389146805,1786,0.8660500000000001,0.00063,151,11,7.046647859999998,196
9.33,1820,0.6211929619312286,1822,0.8633499999999998,0.00063,154,11,6.748040919999999,200
9.32,1840,0.47170525789260864,1841,0.8619249999999997,0.00063,155,11,6.73745474,204
9.11,1860,0.5573031008243561,1863,0.8602749999999997,0.00063,157,11,6.53749369,208
9.07,1880,0.5813891738653183,1883,0.8587749999999998,0.00063,159,11,6.514903319999999,212
9.0,1916,0.46105436235666275,1919,0.8560749999999997,0.00063,162,11,6.459585289999999,216
9.43,1992,0.5336499214172363,1993,0.850525,0.00063,168,11,6.796213849999999,220
9.1,2008,0.7831941992044449,2010,0.84925,0.00063,170,11,6.541429989999999,224
9.08,2024,0.5489202067255974,2026,0.8480500000000004,0.00063,171,11,6.50651779,228
9.17,2060,0.6564456298947334,2063,0.8452749999999997,0.00063,174,11,6.557266740000001,232
9.41,2124,0.6581160873174667,2125,0.8406250000000001,0.00063,180,11,6.700085330000002,236
9.46,2152,0.5634879097342491,2154,0.8384499999999999,0.00063,182,11,6.76834125,240
9.35,2176,0.6311962902545929,2178,0.8366499999999999,0.00063,184,11,6.677635970000001,244
9.32,2212,0.5253619849681854,2213,0.8340250000000001,0.00063,187,11,6.6571668599999985,248
9.36,2256,0.9075023382902145,2259,0.8305750000000001,0.00063,191,11,6.70162919,252
9.47,2304,0.8886592090129852,2306,0.8270500000000002,0.00063,195,11,6.76461504,256
9.37,2348,0.77566097676754,2352,0.8236000000000001,0.00063,199,11,6.68203577,260
9.27,2384,0.7408858239650726,2387,0.8209750000000003,0.00063,202,11,6.607819339999999,264
9.28,2440,0.7478249594569206,2444,0.8166999999999999,0.00063,207,11,6.625320449999999,268
9.18,2484,0.7250764220952988,2485,0.8136249999999997,0.00063,210,11,6.514169209999999,272
9.01,2512,0.8570892661809921,2513,0.811525,0.00063,213,11,6.3836616500000005,276
8.53,2524,0.8753535598516464,2528,0.8104000000000002,0.00063,214,11,6.01337203,280
8.66,2560,0.8094645142555237,2561,0.8079249999999998,0.00063,217,11,6.107093389999999,284
8.58,2588,0.8548280149698257,2590,0.8057499999999997,0.00063,219,11,6.063120380000002,288
8.66,2608,0.817901000380516,2612,0.8040999999999998,0.00063,221,11,6.11672613,292
8.95,2680,0.7226615846157074,2681,0.798925,0.00063,227,11,6.33455323,296
9.08,2728,0.6491659209132195,2730,0.79525,0.00063,231,11,6.4631136300000005,300
9.1,2748,0.7150054723024368,2751,0.7936749999999997,0.00063,233,11,6.478480760000001,304
9.24,2784,0.9199269860982895,2787,0.7909750000000004,0.00063,236,11,6.604906550000002,308
9.28,2808,0.8977149277925491,2811,0.7891750000000002,0.00063,238,11,6.635325749999998,312
9.28,2844,0.8423257023096085,2847,0.786475,0.00063,241,11,6.637993910000001,316
8.87,2876,1.0886294096708298,2880,0.7839999999999996,0.00063,244,11,6.3057915300000005,320
8.96,2904,0.7493550106883049,2906,0.7820500000000001,0.00063,246,11,6.384767749999998,324
8.93,2916,0.7674614042043686,2919,0.7810749999999996,0.00063,247,11,6.36564171,328
8.83,2944,1.0309632420539856,2946,0.7790499999999997,0.00063,250,11,6.287971289999999,332
8.58,2980,0.8643053770065308,2983,0.7762749999999998,0.00063,253,11,6.11352885,336
8.78,3028,0.6925046145915985,3032,0.7725999999999998,0.00063,257,11,6.254683829999999,340
8.84,3060,0.9601740390062332,3062,0.7703500000000001,0.00063,260,11,6.30247488,344
8.68,3080,0.8885287195444107,3081,0.768925,0.00063,261,11,6.16299902,348
8.44,3100,1.1293931305408478,3103,0.7672749999999999,0.00063,263,11,5.95862133,352
8.4,3144,0.7892805486917496,3146,0.7640499999999997,0.00063,267,11,5.923289659999999,356
8.51,3200,0.752365916967392,3203,0.759775,0.00063,272,11,5.98632647,360
8.9,3276,1.0507553219795227,3277,0.7542250000000003,0.00063,278,11,6.25341455,364
8.79,3320,0.9307930022478104,3323,0.7507750000000001,0.00063,282,11,6.13790218,368
8.9,3372,1.1476023644208908,3375,0.7468750000000004,0.00063,286,11,6.239832669999998,372
9.22,3432,0.8936018198728561,3435,0.742375,0.00063,291,11,6.471862059999999,376
9.42,3468,0.9661381542682648,3470,0.7397500000000004,0.00063,294,11,6.62375216,380
9.35,3492,0.9909394383430481,3496,0.7378,0.00063,297,11,6.594617889999999,384
9.41,3528,0.9923121631145477,3531,0.7351750000000004,0.00063,299,11,6.63135271,388
9.42,3552,0.98021399974823,3554,0.7334499999999999,0.00063,301,11,6.64120636,392
9.15,3592,0.9309430569410324,3596,0.7303,0.00063,305,11,6.447432369999999,396
9.25,3652,0.9281011670827866,3655,0.7258750000000003,0.00063,310,11,6.487227720000001,400
9.39,3688,0.9491325914859772,3690,0.7232499999999997,0.00063,313,11,6.577490339999998,404
9.8,3764,1.040606141090393,3767,0.7174750000000001,0.00063,319,11,6.867549209999998,408
9.89,3796,0.9235957860946655,3800,0.7149999999999997,0.00063,322,11,6.944698079999999,412
9.82,3828,1.1282263696193695,3829,0.7128249999999996,0.00063,325,11,6.872951420000001,416
9.83,3860,1.0947703570127487,3863,0.7102750000000004,0.00063,328,11,6.899423330000001,420
9.91,3896,1.1305511742830276,3897,0.7077250000000004,0.00063,330,11,6.95292655,424
10.05,3920,0.9970155358314514,3924,0.7057000000000004,0.00063,333,11,7.057758249999999,428
10.03,3948,1.1250299960374832,3949,0.7038249999999998,0.00063,335,11,7.0453109,432
10.16,3996,1.1325933784246445,3999,0.7000750000000002,0.00063,339,11,7.1367163,436
9.95,4024,1.2192926406860352,4027,0.6979749999999998,0.00063,341,11,6.96514966,440
10.05,4064,1.1025807857513428,4067,0.6949750000000001,0.00063,345,11,7.029776560000001,444
10.09,4088,1.4588618278503418,4090,0.6932499999999997,0.00063,347,11,7.06624467,448
10.07,4108,1.165576696395874,4110,0.6917499999999999,0.00063,349,11,7.05093272,452
10.43,4188,1.3891923874616623,4189,0.6858250000000001,0.00063,355,11,7.30786934,456
10.15,4216,1.1272890865802765,4218,0.6836500000000001,0.00063,358,11,7.098300159999999,460
9.84,4260,1.5685573518276215,4261,0.6804249999999996,0.00063,361,11,6.887652879999999,464
9.6,4280,1.3788940012454987,4283,0.6787749999999997,0.00063,363,11,6.7325864000000015,468
9.34,4308,1.4560533463954926,4309,0.6768250000000002,0.00063,366,11,6.5629025300000015,472
9.15,4348,1.1943024098873138,4350,0.6737500000000001,0.00063,369,11,6.443359890000002,476
9.09,4376,1.3266744017601013,4379,0.671575,0.00063,371,11,6.416272920000001,480
9.22,4416,1.2780700325965881,4418,0.66865,0.00063,375,11,6.493249680000002,484
9.36,4464,1.4112139344215393,4467,0.6649750000000001,0.00063,379,11,6.58849288,488
9.43,4496,1.3145531117916107,4497,0.6627250000000003,0.00063,381,11,6.673171929999999,492
9.69,4564,1.3728336691856384,4565,0.6576250000000001,0.00063,387,11,6.871093159999999,496
9.78,4632,1.06827512383461,4633,0.6525250000000001,0.00063,393,11,6.95340517,500
10.17,4704,1.3394059836864471,4707,0.6469750000000004,0.00063,399,11,7.2244646800000005,504
9.93,4756,1.3695872128009796,4760,0.6430000000000001,0.00063,404,11,7.047832410000001,508
9.88,4784,1.1899988651275635,4788,0.6408999999999997,0.00063,406,11,7.020062939999999,512
9.82,4808,1.5112982988357544,4811,0.639175,0.00063,408,11,6.983587120000001,516
9.81,4840,1.338431939482689,4844,0.6366999999999996,0.00063,411,11,6.950075000000001,520
9.71,4864,1.444594919681549,4868,0.6348999999999996,0.00063,413,11,6.862356299999999,524
9.92,4912,1.332610473036766,4916,0.6313000000000002,0.00063,417,11,7.00364722,528
10.12,4960,1.6093769073486328,4961,0.6279249999999996,0.00063,421,11,7.14235745,532
10.05,5000,1.6250106990337372,5004,0.6247000000000001,0.00063,424,11,7.07005959,536
10.72,5096,1.3731931298971176,5099,0.6175750000000002,0.00063,432,11,7.547008430000001,540
10.98,5164,1.3876541554927826,5165,0.6126250000000002,0.00063,438,11,7.7209639,544
11.36,5224,1.5314470529556274,5226,0.6080500000000002,0.00063,443,11,7.979889870000001,548
11.63,5272,1.468026116490364,5273,0.6045250000000004,0.00063,447,11,8.183476599999999,552
11.23,5308,1.3716178238391876,5312,0.6015999999999996,0.00063,450,11,7.910539320000002,556
11.43,5360,1.45332270860672,5361,0.5979249999999996,0.00063,454,11,8.07221604,560
11.3,5388,1.344985544681549,5391,0.595675,0.00063,457,11,7.952613260000001,564
11.4,5420,1.5214178562164307,5423,0.593275,0.00063,460,11,8.02634131,568
11.7,5476,1.6896654516458511,5479,0.5890749999999999,0.00063,464,11,8.21786983,572
12.05,5552,1.48075732588768,5555,0.5833750000000001,0.00063,471,11,8.43691615,576
12.12,5588,1.4646742343902588,5591,0.5806749999999998,0.00063,474,11,8.45792643,580
12.15,5632,1.3951892852783203,5633,0.5775250000000001,0.00063,477,11,8.49327355,584
12.01,5664,1.4686062932014465,5668,0.5749000000000003,0.00063,480,11,8.37675653,588
12.01,5696,1.433197557926178,5698,0.5726499999999998,0.00063,483,11,8.33703893,592
11.8,5744,1.6120310574769974,5745,0.569125,0.00063,487,11,8.165692799999999,596
11.75,5804,1.3897091448307037,5808,0.5643999999999998,0.00063,492,11,8.12045598,600
11.59,5864,1.4239195585250854,5866,0.5600499999999996,0.00063,497,11,8.0198868,604
11.32,5888,1.69315305352211,5892,0.5581000000000002,0.00063,499,11,7.797933159999998,608
11.5,5936,1.3906330168247223,5938,0.5546500000000001,0.00063,503,11,7.912175719999999,612
11.98,6008,1.8556503802537918,6009,0.5493250000000001,0.00063,509,11,8.23368596,616
12.5,6092,1.585638016462326,6094,0.54295,0.00063,516,11,8.615648139999998,620
12.88,6152,1.4996289759874344,6156,0.5383000000000004,0.00063,521,11,8.885951550000001,624
13.1,6224,1.5534089803695679,6226,0.53305,0.00063,527,11,9.0408636,628
13.08,6268,1.7054100334644318,6269,0.5298249999999998,0.00063,531,11,9.05063904,632
13.07,6308,1.5342842936515808,6311,0.526675,0.00063,535,11,9.04775507,636
12.59,6356,1.7485500276088715,6358,0.5231500000000002,0.00063,539,11,8.7326144,640
12.43,6404,1.8204365968704224,6408,0.5193999999999999,0.00063,543,11,8.61764784,644
12.75,6500,1.8181143254041672,6501,0.5124249999999999,0.00063,551,11,8.872109049999999,648
13.09,6580,1.821287751197815,6582,0.5063500000000001,0.00063,558,11,9.114719889999998,652
12.98,6608,2.0690519511699677,6610,0.5042499999999996,0.00063,560,11,9.02096837,656
12.8,6640,1.8849685788154602,6641,0.5019250000000002,0.00063,563,11,8.87293007,660
12.85,6672,1.7322275042533875,6676,0.49929999999999963,0.00063,566,11,8.89845675,664
13.03,6724,1.85767063498497,6726,0.49555000000000005,0.00063,570,11,9.02953073,668
13.38,6816,1.617321401834488,6817,0.4887250000000003,0.00063,578,11,9.28504997,672
13.27,6880,1.8362752199172974,6882,0.48385,0.00063,583,11,9.23410996,676
13.29,6916,1.6239213943481445,6920,0.48099999999999965,0.00063,587,11,9.24461556,680
13.14,6944,2.045885741710663,6947,0.4789749999999997,0.00063,589,11,9.14649507,684
12.96,6960,1.8428663909435272,6964,0.4776999999999997,0.00063,590,11,9.01542213,688
13.16,7012,1.6122686862945557,7014,0.4739500000000001,0.00063,595,11,9.174926,692
13.39,7080,1.528398483991623,7084,0.4686999999999998,0.00063,600,11,9.36959113,696
13.19,7124,1.976748675107956,7127,0.4654750000000004,0.00063,604,11,9.238726470000001,700
12.96,7160,1.8892463445663452,7162,0.4628499999999999,0.00063,607,11,9.06802989,704
13.59,7248,1.7307071089744568,7251,0.4561750000000002,0.00063,615,11,9.51437416,708
13.39,7276,1.6568945944309235,7277,0.4542249999999999,0.00063,617,11,9.35894071,712
13.33,7340,1.6724952161312103,7342,0.4493499999999997,0.00063,622,11,9.354344320000001,716
12.94,7384,2.016122728586197,7388,0.4459000000000004,0.00063,626,11,9.10818792,720
12.84,7436,1.6601511538028717,7440,0.44199999999999984,0.00063,631,11,9.053509060000001,724
12.65,7488,1.9417354762554169,7491,0.43817499999999965,0.00063,635,11,8.95326964,728
12.69,7536,1.7183245420455933,7538,0.43465,0.00063,639,11,8.96878131,732
13.17,7624,2.2974935173988342,7628,0.42789999999999984,0.00063,647,11,9.33980532,736
13.05,7660,1.4105134904384613,7663,0.42527500000000007,0.00063,650,11,9.222741059999999,740
12.86,7692,2.221859931945801,7694,0.4229499999999998,0.00063,652,11,9.092320050000001,744
12.58,7756,1.5910404920578003,7759,0.41807499999999964,0.00063,658,11,8.874903839999998,748
12.54,7832,1.925973892211914,7836,0.4123000000000001,0.00063,664,11,8.85488289,752
12.68,7876,1.6517812013626099,7878,0.40915000000000024,0.00063,668,11,8.964618580000002,756
13.16,7956,1.9551909565925598,7957,0.40322499999999983,0.00063,675,11,9.313551420000001,760
13.41,8016,1.7419332563877106,8017,0.3987250000000002,0.00063,680,11,9.52026079,764
14.0,8124,1.7875974774360657,8126,0.39054999999999995,0.00063,689,11,9.95253786,768
13.6,8176,1.958197832107544,8177,0.386725,0.00063,693,11,9.65676273,772
13.39,8220,1.7973776459693909,8221,0.3834249999999999,0.00063,697,11,9.50306819,776
14.26,8344,1.9202851355075836,8346,0.3740500000000001,0.00063,707,11,10.175896310000002,780
14.76,8420,1.805166870355606,8423,0.3682749999999998,0.00063,714,11,10.54513494,784
14.91,8452,1.7054149210453033,8455,0.36587499999999984,0.00063,717,11,10.67185164,788
14.99,8512,1.8107826113700867,8513,0.36152499999999965,0.00063,721,11,10.738911369999999,792
14.73,8556,2.1299983263015747,8557,0.3582249999999997,0.00063,725,11,10.533255300000002,796
14.79,8604,2.1242448687553406,8606,0.3545499999999998,0.00063,729,11,10.5454916,800
15.28,8688,2.3507014513015747,8690,0.34825000000000006,0.00063,736,11,10.909148899999998,804
15.23,8772,2.3116393089294434,8774,0.34194999999999964,0.00063,744,11,10.88575951,808
15.46,8820,1.821403056383133,8823,0.33827499999999966,0.00063,748,11,11.05309887,812
15.45,8884,1.9045285284519196,8887,0.33347499999999985,0.00063,753,11,11.013918939999998,816
15.47,8932,2.506041318178177,8935,0.3298749999999996,0.00063,757,11,10.99561853,820
15.91,9028,1.9563598036766052,9031,0.32267499999999993,0.00063,765,11,11.329521189999998,824
15.78,9068,2.1888588666915894,9069,0.3198249999999996,0.00063,768,11,11.207899070000002,828
15.58,9092,2.2525628805160522,9096,0.31779999999999964,0.00063,771,11,11.071700839999998,832
15.12,9136,2.699392318725586,9140,0.31449999999999967,0.00063,774,11,10.74248114,836
15.84,9244,2.0366824567317963,9247,0.3064749999999996,0.00063,783,11,11.283158740000001,840
15.94,9284,1.8176734447479248,9288,0.3034000000000002,0.00063,787,11,11.36616826,844
15.93,9348,1.8714520931243896,9352,0.29859999999999953,0.00063,792,11,11.37393826,848
15.86,9420,1.6723812520503998,9422,0.2933500000000002,0.00063,798,11,11.32665034,852
16.06,9480,1.995610237121582,9484,0.28869999999999973,0.00063,803,11,11.46897467,856
15.64,9520,1.9188412129878998,9521,0.2859249999999999,0.00063,807,11,11.16348443,860
15.92,9608,2.790083110332489,9609,0.2793249999999998,0.00063,814,11,11.34813948,864
15.47,9672,1.968654990196228,9673,0.27452500000000013,0.00063,819,11,11.028463480000001,868
15.72,9748,2.105294942855835,9749,0.2688250000000002,0.00063,826,11,11.218473770000001,872
16.19,9836,2.2445287108421326,9840,0.2619999999999997,0.00063,833,11,11.56909038,876
15.55,9900,1.9413293898105621,9901,0.2574249999999997,0.00063,839,11,11.07172366,880
15.23,9944,1.966004103422165,9946,0.25405,0.00063,842,11,10.802642919999998,884
15.16,9968,1.7193317115306854,9971,0.25217500000000026,0.00063,845,11,10.756388770000001,888
15.5,10060,2.6305856704711914,10063,0.24527500000000002,0.00063,852,11,10.99727957,892
16.03,10156,2.084059327840805,10160,0.23799999999999977,0.00063,860,11,11.39945217,896
16.28,10232,2.476115792989731,10234,0.23245000000000005,0.00063,867,11,11.61661749,900
16.09,10296,2.602809727191925,10299,0.22757499999999975,0.00063,872,11,11.477675239999998,904
16.17,10388,1.8633431196212769,10391,0.2206750000000004,0.00063,880,11,11.54784161,908
16.15,10436,2.2637228071689606,10438,0.21714999999999973,0.00063,884,11,11.52212159,912
16.36,10520,2.6989309191703796,10523,0.2107749999999996,0.00063,891,11,11.680578099999998,916
17.06,10640,2.4305090606212616,10641,0.2019249999999999,0.00063,901,11,12.178513649999998,920
17.25,10752,2.8255606293678284,10756,0.19330000000000003,0.00063,911,11,12.279712750000002,924
17.38,10804,2.166434943675995,10807,0.18947499999999995,0.00063,915,11,12.381550090000003,928
18.15,10908,2.476875364780426,10911,0.1816749999999997,0.00063,924,11,12.927586640000001,932
18.0,10936,2.4450395107269287,10940,0.17950000000000044,0.00063,927,11,12.8062772,936
17.31,10976,2.8303800225257874,10978,0.17665000000000008,0.00063,930,11,12.314128909999999,940
17.73,11060,2.2893513441085815,11061,0.17042500000000005,0.00063,937,11,12.58129588,944
18.51,11200,1.7336476147174835,11203,0.15977500000000022,0.00063,949,11,13.12740048,948
18.8,11300,2.355282425880432,11302,0.15234999999999987,0.00063,957,11,13.32342035,952
18.9,11372,2.025398403406143,11374,0.14695000000000036,0.00063,963,11,13.412331010000003,956
19.92,11512,1.908071517944336,11513,0.13652500000000034,0.00063,975,11,14.158068159999997,960
20.19,11624,1.8093272149562836,11628,0.12790000000000035,0.00063,985,11,14.35962001,964
20.3,11700,2.3298416435718536,11703,0.12227500000000013,0.00063,991,11,14.41083949,968
20.38,11784,2.269815146923065,11787,0.11597499999999972,0.00063,999,11,14.47903545,972
19.92,11828,2.264638513326645,11832,0.11260000000000003,0.00063,1002,11,14.13529041,976
19.73,11872,2.8233683109283447,11874,0.10945000000000027,0.00063,1006,11,14.011605620000001,980
20.01,11944,1.45613294839859,11947,0.10397500000000026,0.00063,1012,11,14.21098473,984
20.47,12016,2.5685143172740936,12018,0.1,0.00063,1018,11,14.5228845,988
20.03,12064,2.619882822036743,12066,0.1,0.00063,1022,11,14.18313103,992
19.68,12124,2.0776012986898422,12128,0.1,0.00063,1027,11,13.936444289999999,996
19.61,12192,1.9973542988300323,12195,0.1,0.00063,1033,11,13.874250030000002,1000
19.95,12292,2.0348637104034424,12294,0.1,0.00063,1041,11,14.09176704,1004
19.63,12352,2.3014699816703796,12354,0.1,0.00063,1046,11,13.85490593,1008
21.15,12552,2.3295652866363525,12553,0.1,0.00063,1063,11,14.958363030000001,1012
21.06,12628,2.241791218519211,12629,0.1,0.00063,1070,11,14.913076980000001,1016
21.21,12760,2.064625918865204,12762,0.1,0.00063,1081,11,15.05593212,1020
20.78,12832,1.8500759303569794,12834,0.1,0.00063,1087,11,14.74990661,1024
21.21,12924,2.853705883026123,12928,0.1,0.00063,1095,11,15.093846569999998,1028
20.89,12996,2.192230522632599,13000,0.1,0.00063,1101,11,14.890951770000001,1032
21.44,13080,2.504240930080414,13084,0.1,0.00063,1108,11,15.308703570000002,1036
21.69,13144,1.9397999048233032,13147,0.1,0.00063,1113,11,15.47708962,1040
21.45,13204,1.8838808834552765,13206,0.1,0.00063,1118,11,15.30968092,1044
20.85,13284,2.8010658025741577,13288,0.1,0.00063,1125,11,14.849295110000003,1048
20.49,13348,1.9127755463123322,13351,0.1,0.00063,1131,11,14.599721630000001,1052
20.55,13428,2.4745321571826935,13429,0.1,0.00063,1137,11,14.61184378,1056
20.34,13544,2.368455648422241,13547,0.1,0.00063,1147,11,14.456986239999999,1060
20.1,13636,2.2472060918807983,13638,0.1,0.00063,1155,11,14.28567509,1064
20.19,13720,2.1859281063079834,13722,0.1,0.00063,1162,11,14.371855169999998,1068
20.33,13816,2.492019832134247,13820,0.1,0.00063,1170,11,14.44948347,1072
20.61,13892,2.933183968067169,13893,0.1,0.00063,1176,11,14.630778859999998,1076
21.02,13972,2.3961095809936523,13976,0.1,0.00063,1183,11,14.92047503,1080
21.97,14140,2.0173149704933167,14144,0.1,0.00063,1197,11,15.636699300000002,1084
22.32,14248,2.3196524381637573,14250,0.1,0.00063,1206,11,15.88545045,1088
22.71,14336,1.9990989863872528,14337,0.1,0.00063,1214,11,16.154731930000004,1092
22.64,14388,2.6628227531909943,14392,0.1,0.00063,1218,11,16.06343407,1096
23.36,14528,2.434047818183899,14531,0.1,0.00063,1230,11,16.58735755,1100
23.64,14656,2.1892067790031433,14658,0.1,0.00063,1241,11,16.82627814,1104
24.1,14760,2.6158782839775085,14764,0.1,0.00063,1250,11,17.157148529999997,1108
22.73,14824,2.5481333136558533,14826,0.1,0.00063,1255,11,16.18449014,1112
23.17,14944,2.5387565195560455,14946,0.1,0.00063,1265,11,16.445059179999998,1116
23.0,15060,2.3531167805194855,15062,0.1,0.00063,1275,11,16.32183883,1120
23.59,15192,2.720696747303009,15193,0.1,0.00063,1286,11,16.7352052,1124
23.41,15268,2.4830755293369293,15269,0.1,0.00063,1292,11,16.55149862,1128
23.4,15336,2.4914532899856567,15340,0.1,0.00063,1299,11,16.524167369999997,1132
23.54,15436,1.5414336025714874,15438,0.1,0.00063,1307,11,16.602547469999998,1136
23.94,15540,1.7764054238796234,15541,0.1,0.00063,1316,11,16.88620405,1140
24.19,15624,2.1067748963832855,15625,0.1,0.00063,1323,11,17.07698106,1144
24.63,15748,2.73681640625,15751,0.1,0.00063,1333,11,17.400515340000002,1148
25.13,15860,2.598860740661621,15864,0.1,0.00063,1343,11,17.71230501,1152
25.69,15996,2.546389102935791,15998,0.1,0.00063,1354,11,18.123008640000002,1156
25.35,16080,2.1122207045555115,16082,0.1,0.00063,1361,11,17.861212610000003,1160
24.99,16136,2.4781001806259155,16137,0.1,0.00063,1366,11,17.58208217,1164
25.2,16240,2.923086404800415,16242,0.1,0.00063,1375,11,17.715200820000003,1168
25.14,16332,2.048883557319641,16334,0.1,0.00063,1383,11,17.670683150000002,1172
24.98,16388,3.2265833616256714,16391,0.1,0.00063,1387,11,17.56290409,1176
25.42,16516,2.116686522960663,16518,0.1,0.00063,1398,11,17.88068519,1180
25.53,16696,2.0698786228895187,16697,0.1,0.00063,1413,11,17.937104350000002,1184
25.84,16832,2.3424065709114075,16834,0.1,0.00063,1425,11,18.246239640000002,1188
26.24,16960,2.6630002856254578,16961,0.1,0.00063,1435,11,18.536731,1192
26.06,16996,2.2117764949798584,16998,0.1,0.00063,1438,11,18.42104952,1196
25.74,17104,2.355775237083435,17105,0.1,0.00063,1447,11,18.16904642,1200
25.24,17180,2.5412131547927856,17182,0.1,0.00063,1454,11,17.791033950000003,1204
24.73,17236,2.4134159982204437,17237,0.1,0.00063,1459,11,17.410575570000002,1208
25.04,17328,2.6237877011299133,17330,0.1,0.00063,1466,11,17.654569300000002,1212
24.7,17412,3.1058477759361267,17416,0.1,0.00063,1473,11,17.45263067,1216
24.05,17464,3.1492636799812317,17467,0.1,0.00063,1478,11,16.95234077,1220
23.79,17568,2.2295316755771637,17572,0.1,0.00063,1487,11,16.78010464,1224
23.75,17640,2.419166326522827,17644,0.1,0.00063,1493,11,16.7474512,1228
24.74,17812,2.312041223049164,17814,0.1,0.00063,1507,11,17.42003176,1232
25.27,17964,2.4032288789749146,17965,0.1,0.00063,1519,11,17.826641100000003,1236
25.56,18096,1.9998996257781982,18097,0.1,0.00063,1531,11,18.03653374,1240
25.64,18188,2.5135834217071533,18189,0.1,0.00063,1538,11,18.0939239,1244
25.34,18284,2.756623864173889,18285,0.1,0.00063,1546,11,17.86305337,1248
25.67,18428,2.0299762040376663,18431,0.1,0.00063,1559,11,18.16213058,1252
25.08,18504,1.902908593416214,18506,0.1,0.00063,1565,11,17.75969571,1256
24.94,18572,1.7446350455284119,18576,0.1,0.00063,1571,11,17.675315679999997,1260
25.14,18648,2.2451061010360718,18651,0.1,0.00063,1577,11,17.85091722,1264
25.62,18800,2.85853773355484,18804,0.1,0.00063,1590,11,18.21087403,1268
25.58,18888,2.5381118059158325,18892,0.1,0.00063,1598,11,18.18023408,1272
26.17,19004,2.50398051738739,19008,0.1,0.00063,1607,11,18.575837560000004,1276
26.04,19120,2.2921724170446396,19122,0.1,0.00063,1617,11,18.45854406,1280
25.35,19228,2.339138478040695,19232,0.1,0.00063,1626,11,17.94614367,1284
24.66,19296,1.9762042164802551,19300,0.1,0.00063,1632,11,17.36235389,1288
24.63,19420,2.5316159427165985,19424,0.1,0.00063,1642,11,17.35583831,1292
25.27,19524,2.2755720913410187,19525,0.1,0.00063,1651,11,17.85560585,1296
25.11,19612,2.5170127153396606,19616,0.1,0.00063,1659,11,17.748976789999997,1300
25.58,19736,2.078208327293396,19740,0.1,0.00063,1669,11,18.08721176,1304
26.18,19852,1.2890300154685974,19855,0.1,0.00063,1679,11,18.55029507,1308
26.52,19980,2.3365065157413483,19982,0.1,0.00063,1690,11,18.780236059999996,1312
26.49,20064,1.7210926413536072,20065,0.1,0.00063,1697,11,18.76349078,1316
26.69,20132,1.7905488312244415,20136,0.1,0.00063,1703,11,18.92725114,1320
27.12,20280,2.9638547599315643,20284,0.1,0.00063,1715,11,19.259226189999996,1324
27.72,20412,1.8593695610761642,20416,0.1,0.00063,1726,11,19.690769239999998,1328
27.19,20532,2.1258225440979004,20533,0.1,0.00063,1736,11,19.344381770000002,1332
26.34,20596,2.342833995819092,20599,0.1,0.00063,1742,11,18.68596379,1336
25.91,20684,1.4625307619571686,20688,0.1,0.00063,1749,11,18.3834013,1340
26.03,20788,2.434821128845215,20792,0.1,0.00063,1758,11,18.467078400000002,1344
25.42,20824,2.831541270017624,20827,0.1,0.00063,1761,11,18.06348779,1348
25.41,20968,2.858546793460846,20972,0.1,0.00063,1773,11,18.048392250000003,1352
25.2,21024,1.7480846792459488,21026,0.1,0.00063,1778,11,17.881678670000003,1356
25.0,21072,2.5543686747550964,21076,0.1,0.00063,1782,11,17.73135036,1360
24.72,21120,2.0742470920085907,21123,0.1,0.00063,1786,11,17.50876026,1364
23.48,21148,2.4741997122764587,21152,0.1,0.00063,1789,11,16.610603530000002,1368
23.92,21280,1.9107347950339317,21284,0.1,0.00063,1800,11,16.94202595,1372
23.89,21396,2.6979784965515137,21397,0.1,0.00063,1809,11,16.990238050000002,1376
23.69,21488,1.7678537964820862,21491,0.1,0.00063,1817,11,16.87114394,1380
23.91,21620,1.772459790110588,21623,0.1,0.00063,1828,11,17.06824001,1384
23.93,21692,2.744749426841736,21693,0.1,0.00063,1834,11,17.088034189999995,1388
23.81,21804,2.248077541589737,21805,0.1,0.00063,1843,11,17.036382099999997,1392
23.81,21904,2.7504365146160126,21906,0.1,0.00063,1852,11,16.99307693,1396
23.78,21992,2.651472508907318,21994,0.1,0.00063,1859,11,16.967758729999996,1400
23.4,22076,2.7744302451610565,22080,0.1,0.00063,1866,11,16.699265589999996,1404
23.45,22196,2.160567581653595,22200,0.1,0.00063,1877,11,16.71394541,1408
23.29,22308,2.574109047651291,22311,0.1,0.00063,1886,11,16.57306831,1412
23.69,22432,2.9077097177505493,22434,0.1,0.00063,1896,11,16.877371779999997,1416
24.17,22552,1.868791103363037,22553,0.1,0.00063,1906,11,17.206234140000003,1420
23.31,22612,2.670519918203354,22615,0.1,0.00063,1911,11,16.557359660000003,1424
23.36,22748,1.9735177755355835,22752,0.1,0.00063,1923,11,16.597720759999998,1428
22.92,22824,2.0926668643951416,22825,0.1,0.00063,1929,11,16.26654512,1432
23.65,22960,1.9262187778949738,22964,0.1,0.00063,1941,11,16.82120154,1436
23.64,23048,1.9464887082576752,23052,0.1,0.00063,1948,11,16.79534572,1440
23.53,23144,2.0905194878578186,23145,0.1,0.00063,1956,11,16.73409907,1444
24.67,23292,2.6145003139972687,23294,0.1,0.00063,1969,11,17.57646629,1448
24.43,23412,1.488512434065342,23415,0.1,0.00063,1979,11,17.37164427,1452
25.39,23564,2.7710272073745728,23565,0.1,0.00063,1992,11,18.10455996,1456
25.98,23672,2.0296921133995056,23674,0.1,0.00063,2001,11,18.537681159999998,1460
26.7,23792,1.8992895632982254,23793,0.1,0.00063,2011,11,19.066445180000002,1464
27.44,23892,3.3592156171798706,23896,0.1,0.00063,2020,11,19.583698419999997,1468
27.19,24000,2.2680851817131042,24003,0.1,0.00063,2029,11,19.40267549,1472
26.96,24092,2.2667873799800873,24093,0.1,0.00063,2036,11,19.19112693,1476
26.57,24144,2.895617336034775,24148,0.1,0.00063,2041,11,18.8921638,1480
26.19,24240,3.1402750611305237,24242,0.1,0.00063,2049,11,18.614581859999998,1484
27.0,24392,3.155161738395691,24393,0.1,0.00063,2062,11,19.22074797,1488
27.43,24544,2.5460439771413803,24548,0.1,0.00063,2075,11,19.51715642,1492
26.96,24600,2.1165243089199066,24602,0.1,0.00063,2079,11,19.174932169999998,1496
26.95,24688,2.2205060869455338,24689,0.1,0.00063,2087,11,19.17267495,1500
26.92,24768,2.819473922252655,24772,0.1,0.00063,2094,11,19.13352585,1504
27.06,24904,2.104427084326744,24906,0.1,0.00063,2105,11,19.26457531,1508
27.31,25040,2.21233007311821,25042,0.1,0.00063,2117,11,19.481310039999997,1512
26.77,25108,2.401943117380142,25111,0.1,0.00063,2122,11,19.107299899999997,1516
26.9,25240,1.70962193608284,25243,0.1,0.00063,2134,11,19.26561475,1520
27.5,25364,3.1307801604270935,25365,0.1,0.00063,2144,11,19.709586809999998,1524
26.93,25444,2.16621832549572,25445,0.1,0.00063,2151,11,19.319196599999998,1528
26.98,25520,3.111213266849518,25523,0.1,0.00063,2157,11,19.37431226,1532
27.28,25688,2.0763617753982544,25692,0.1,0.00063,2171,11,19.58192642,1536
27.34,25784,1.9294662177562714,25786,0.1,0.00063,2179,11,19.63327851,1540
27.25,25868,2.943892180919647,25870,0.1,0.00063,2186,11,19.567440769999997,1544
26.98,25988,2.2591865360736847,25992,0.1,0.00063,2197,11,19.381715709999998,1548
27.4,26152,2.811371922492981,26155,0.1,0.00063,2210,11,19.726826029999994,1552
26.96,26260,2.7159413397312164,26261,0.1,0.00063,2219,11,19.40989143,1556
26.82,26352,2.185359299182892,26356,0.1,0.00063,2227,11,19.32543852,1560
26.27,26416,2.0970012843608856,26420,0.1,0.00063,2233,11,18.93590524,1564
25.98,26492,1.9874128550291061,26494,0.1,0.00063,2239,11,18.769296440000005,1568
25.73,26572,2.726202130317688,26576,0.1,0.00063,2246,11,18.582685140000002,1572
26.83,26772,2.4027607440948486,26776,0.1,0.00063,2263,11,19.422932649999996,1576
27.34,26880,2.4252049922943115,26882,0.1,0.00063,2272,11,19.790944079999996,1580
27.45,26984,2.4755519330501556,26987,0.1,0.00063,2281,11,19.867430449999997,1584
27.0,27092,2.694017231464386,27093,0.1,0.00063,2290,11,19.56081554,1588
26.36,27180,2.2733030319213867,27184,0.1,0.00063,2297,11,19.08408234,1592
26.5,27248,2.635686755180359,27252,0.1,0.00063,2303,11,19.18969048,1596
26.8,27368,2.480343848466873,27369,0.1,0.00063,2313,11,19.37460597,1600
27.06,27476,2.5544964373111725,27478,0.1,0.00063,2322,11,19.575484330000002,1604
26.63,27568,1.6963446736335754,27569,0.1,0.00063,2330,11,19.25022648,1608
26.35,27676,2.586735427379608,27677,0.1,0.00063,2339,11,19.018273449999995,1612
26.7,27780,2.3704743832349777,27781,0.1,0.00063,2348,11,19.225309739999997,1616
26.22,27864,2.710406541824341,27865,0.1,0.00063,2355,11,18.8188012,1620
26.64,28028,1.9350650012493134,28029,0.1,0.00063,2369,11,19.13932139,1624
27.45,28188,2.4892651438713074,28190,0.1,0.00063,2383,11,19.72532985,1628
27.14,28236,2.3157034516334534,28237,0.1,0.00063,2387,11,19.483134890000002,1632
26.67,28356,2.5341390669345856,28359,0.1,0.00063,2397,11,19.14827794,1636
26.39,28424,2.148931324481964,28425,0.1,0.00063,2402,11,18.948039409999996,1640
26.39,28508,2.3198991417884827,28509,0.1,0.00063,2410,11,18.948295180000002,1644
26.8,28668,2.6340796649456024,28672,0.1,0.00063,2423,11,19.25915092,1648
25.56,28708,1.6878155171871185,28711,0.1,0.00063,2427,11,18.34753734,1652
24.94,28752,2.770656645298004,28755,0.1,0.00063,2430,11,17.87275039,1656
24.56,28808,2.5927730202674866,28812,0.1,0.00063,2435,11,17.57348682,1660
24.8,28896,3.084557443857193,28900,0.1,0.00063,2443,11,17.76009381,1664
24.47,28940,2.7723090648651123,28941,0.1,0.00063,2446,11,17.50228168,1668
25.05,29080,2.7097757905721664,29081,0.1,0.00063,2458,11,17.947569820000002,1672
23.46,29120,1.9591524600982666,29122,0.1,0.00063,2461,11,16.78155319,1676
23.29,29208,2.747012734413147,29211,0.1,0.00063,2469,11,16.697165990000002,1680
23.53,29336,2.297893702983856,29340,0.1,0.00063,2480,11,16.88760492,1684
23.11,29400,2.786073088645935,29404,0.1,0.00063,2485,11,16.5538036,1688
23.34,29516,2.34916390478611,29518,0.1,0.00063,2495,11,16.713120259999997,1692
23.9,29640,2.9857388138771057,29642,0.1,0.00063,2505,11,17.129530199999998,1696
23.75,29740,2.2274343371391296,29744,0.1,0.00063,2514,11,17.07309275,1700
24.37,29912,2.6684343218803406,29915,0.1,0.00063,2528,11,17.54470559,1704
25.1,30076,1.8649620562791824,30079,0.1,0.00063,2542,11,18.061725159999998,1708
25.07,30180,2.122264564037323,30184,0.1,0.00063,2551,11,18.06724342,1712
25.96,30376,2.338224947452545,30377,0.1,0.00063,2567,11,18.752019049999998,1716
26.19,30480,2.022131025791168,30484,0.1,0.00063,2576,11,18.935802170000002,1720
25.79,30604,3.0339839160442352,30608,0.1,0.00063,2587,11,18.618599470000003,1724
25.67,30756,3.3228574991226196,30757,0.1,0.00063,2599,11,18.5371924,1728
26.28,30864,3.0020968914031982,30865,0.1,0.00063,2608,11,18.97359575,1732
26.63,31020,2.1373710483312607,31022,0.1,0.00063,2621,11,19.22906953,1736
27.59,31180,2.494930684566498,31184,0.1,0.00063,2635,11,19.91134163,1740
28.07,31312,2.602915585041046,31316,0.1,0.00063,2646,11,20.248434789999997,1744
27.59,31428,2.65235435962677,31431,0.1,0.00063,2656,11,19.87064056,1748
28.56,31564,2.9203383922576904,31567,0.1,0.00063,2667,11,20.6131387,1752
29.22,31676,2.1792701184749603,31677,0.1,0.00063,2677,11,21.105266060000005,1756
29.43,31752,3.1310296654701233,31755,0.1,0.00063,2683,11,21.25946224,1760
29.97,31896,2.80228129029274,31897,0.1,0.00063,2695,11,21.62633344,1764
30.56,31996,2.6310110986232758,31997,0.1,0.00063,2704,11,22.02923756,1768
30.11,32088,2.887136459350586,32092,0.1,0.00063,2712,11,21.69236536,1772
30.73,32192,2.6386080384254456,32195,0.1,0.00063,2720,11,22.125196729999992,1776
31.34,32344,3.8930668234825134,32345,0.1,0.00063,2733,11,22.546271219999998,1780
30.9,32428,2.5707097351551056,32430,0.1,0.00063,2740,11,22.183659510000002,1784
31.52,32552,2.5021244287490845,32556,0.1,0.00063,2751,11,22.612766680000004,1788
31.02,32616,2.271743565797806,32620,0.1,0.00063,2756,11,22.26061366,1792
30.21,32660,2.675769567489624,32663,0.1,0.00063,2760,11,21.67336585,1796
30.26,32768,2.774797886610031,32770,0.1,0.00063,2769,11,21.70678146,1800
29.42,32856,2.304968148469925,32857,0.1,0.00063,2777,11,21.073597789999994,1804
28.54,32932,2.180293947458267,32933,0.1,0.00063,2783,11,20.462592679999997,1808
28.65,33048,3.687876045703888,33049,0.1,0.00063,2793,11,20.52522211,1812
28.35,33208,2.108562469482422,33212,0.1,0.00063,2807,11,20.262896589999997,1816
28.6,33340,2.3282108902931213,33344,0.1,0.00063,2818,11,20.44621946,1820
28.03,33408,3.2290098071098328,33411,0.1,0.00063,2824,11,20.022232410000004,1824
27.48,33504,2.426831215620041,33505,0.1,0.00063,2831,11,19.57535127,1828
27.61,33624,2.0373148322105408,33626,0.1,0.00063,2842,11,19.660520719999997,1832
27.64,33784,2.3734609484672546,33786,0.1,0.00063,2855,11,19.660706809999997,1836
26.87,33868,2.397983103990555,33871,0.1,0.00063,2862,11,19.09042102,1840
26.99,34012,0.754035547375679,34015,0.1,0.00063,2874,11,19.14730292,1844
27.49,34176,2.3217118978500366,34180,0.1,0.00063,2888,11,19.49666443,1848
27.51,34316,1.370893508195877,34318,0.1,0.00063,2900,11,19.4343758,1852
27.8,34456,1.3619910776615143,34457,0.1,0.00063,2912,11,19.64618455,1856
27.97,34548,1.6731346249580383,34552,0.1,0.00063,2920,11,19.750900429999998,1860
28.08,34704,2.879726469516754,34705,0.1,0.00063,2933,11,19.85490613,1864
28.44,34840,3.0083290934562683,34841,0.1,0.00063,2944,11,20.134377300000004,1868
28.84,34972,2.5743066668510437,34976,0.1,0.00063,2956,11,20.45648243,1872
28.63,35056,2.3132621347904205,35058,0.1,0.00063,2962,11,20.28517289,1876
27.9,35132,2.970366060733795,35135,0.1,0.00063,2969,11,19.764902729999996,1880
27.62,35188,2.036925047636032,35192,0.1,0.00063,2974,11,19.588864890000004,1884
27.32,35284,3.2406398952007294,35288,0.1,0.00063,2982,11,19.405703790000004,1888
27.36,35352,2.447322517633438,35356,0.1,0.00063,2987,11,19.464596620000002,1892
28.16,35476,2.788194239139557,35479,0.1,0.00063,2998,11,20.0534034,1896
27.77,35544,2.883368343114853,35547,0.1,0.00063,3003,11,19.740618729999998,1900
27.69,35624,1.9113994091749191,35626,0.1,0.00063,3010,11,19.66735236,1904
27.92,35724,2.5215506218373775,35725,0.1,0.00063,3018,11,19.83079094,1908
27.26,35772,2.7772157192230225,35775,0.1,0.00063,3023,11,19.347381799999997,1912
26.23,35832,2.797737419605255,35835,0.1,0.00063,3028,11,18.627610079999997,1916
26.32,35972,1.7772368788719177,35976,0.1,0.00063,3040,11,18.69945339,1920
26.97,36104,1.909563034772873,36108,0.1,0.00063,3051,11,19.170362609999998,1924
27.2,36224,1.9314212948083878,36225,0.1,0.00063,3061,11,19.37037401,1928
26.72,36296,2.5797561407089233,36298,0.1,0.00063,3067,11,19.04941584,1932
26.09,36392,2.9084861874580383,36395,0.1,0.00063,3075,11,18.597568380000002,1936
26.73,36540,2.379544645547867,36544,0.1,0.00063,3088,11,19.065965749999997,1940
26.17,36628,3.5619083046913147,36632,0.1,0.00063,3095,11,18.657711850000002,1944
25.92,36768,1.6045647114515305,36772,0.1,0.00063,3107,11,18.485800440000002,1948
25.88,36904,2.633654624223709,36906,0.1,0.00063,3119,11,18.493543690000003,1952
25.36,36992,2.4646991193294525,36993,0.1,0.00063,3126,11,18.122358730000002,1956
26.06,37156,2.0311498045921326,37158,0.1,0.00063,3140,11,18.65241037,1960
25.43,37244,2.660497725009918,37248,0.1,0.00063,3148,11,18.17378006,1964
25.23,37360,1.8299621641635895,37364,0.1,0.00063,3158,11,18.048286510000004,1968
25.52,37524,2.141697943210602,37528,0.1,0.00063,3171,11,18.19149007,1972
25.6,37616,1.9744318723678589,37618,0.1,0.00063,3179,11,18.23124453,1976
26.41,37772,2.768416851758957,37776,0.1,0.00063,3192,11,18.781999789999997,1980
27.07,37896,2.166425198316574,37899,0.1,0.00063,3203,11,19.268860919999998,1984
27.11,37996,2.4603780806064606,37999,0.1,0.00063,3211,11,19.256330820000002,1988
27.35,38088,2.430653750896454,38091,0.1,0.00063,3219,11,19.37414612,1992
26.87,38164,1.916338011622429,38166,0.1,0.00063,3225,11,19.024499940000002,1996
27.1,38256,2.8850739002227783,38257,0.1,0.00063,3233,11,19.190990579999998,2000
27.29,38352,2.325902223587036,38355,0.1,0.00063,3241,11,19.336634110000002,2004
27.49,38472,2.4171567857265472,38474,0.1,0.00063,3251,11,19.4489562,2008
27.55,38528,1.9431076347827911,38530,0.1,0.00063,3256,11,19.50379513,2012
28.48,38680,1.7502309381961823,38683,0.1,0.00063,3269,11,20.18964923,2016
27.81,38756,2.218119278550148,38757,0.1,0.00063,3275,11,19.70783996,2020
27.57,38864,3.107499897480011,38865,0.1,0.00063,3284,11,19.589996100000004,2024
27.24,38948,2.0495625436306,38949,0.1,0.00063,3291,11,19.36354221,2028
27.88,39084,2.141572594642639,39086,0.1,0.00063,3303,11,19.81311053,2032
28.91,39284,2.489833176136017,39286,0.1,0.00063,3320,11,20.595023379999997,2036
28.37,39380,3.0292998552322388,39381,0.1,0.00063,3328,11,20.22820492,2040
28.63,39492,2.2734905779361725,39495,0.1,0.00063,3337,11,20.46476218,2044
28.54,39624,2.7014803290367126,39626,0.1,0.00063,3348,11,20.39976087,2048
28.41,39744,1.848458856344223,39747,0.1,0.00063,3358,11,20.27153899,2052
28.3,39820,1.4946872293949127,39823,0.1,0.00063,3365,11,20.157580839999998,2056
28.2,39976,3.23036390542984,39978,0.1,0.00063,3378,11,20.08172317,2060
28.41,40088,1.8417163491249084,40089,0.1,0.00063,3387,11,20.26390343,2064
28.69,40232,2.16883048415184,40233,0.1,0.00063,3399,11,20.432622939999998,2068
27.76,40300,1.7191564440727234,40304,0.1,0.00063,3405,11,19.7968571,2072
28.5,40464,1.895162582397461,40468,0.1,0.00063,3419,11,20.37817397,2076
27.95,40568,2.7053773999214172,40571,0.1,0.00063,3428,11,19.9952898,2080
27.99,40696,2.041554093360901,40698,0.1,0.00063,3439,11,20.01992959,2084
27.62,40760,1.996403843164444,40761,0.1,0.00063,3444,11,19.80221281,2088
27.57,40844,2.982202649116516,40848,0.1,0.00063,3451,11,19.80572671,2092
27.97,40960,2.67058601975441,40963,0.1,0.00063,3461,11,20.052921469999998,2096
28.66,41120,2.650018185377121,41123,0.1,0.00063,3475,11,20.598329109999998,2100
29.22,41276,2.7028270065784454,41277,0.1,0.00063,3488,11,21.050227449999998,2104
29.26,41396,2.2576341331005096,41400,0.1,0.00063,3498,11,21.10170337,2108
30.12,41540,2.518683046102524,41542,0.1,0.00063,3511,11,21.76532925,2112
30.33,41712,2.6998353600502014,41716,0.1,0.00063,3525,11,21.98322334,2116
31.32,41888,2.0979034304618835,41889,0.1,0.00063,3540,11,22.71985055,2120
31.34,41996,1.8126109391450882,41999,0.1,0.00063,3549,11,22.71621349,2124
31.71,42116,2.763237178325653,42120,0.1,0.00063,3560,11,23.03952357,2128
31.1,42192,3.3530807495117188,42196,0.1,0.00063,3566,11,22.583357019999998,2132
29.7,42252,2.2194211930036545,42256,0.1,0.00063,3571,11,21.538018809999993,2136
29.9,42368,2.293494611978531,42371,0.1,0.00063,3581,11,21.680075969999997,2140
29.63,42456,2.479420483112335,42458,0.1,0.00063,3588,11,21.49093329,2144
28.98,42520,2.5925360321998596,42524,0.1,0.00063,3594,11,21.029472830000003,2148
28.55,42600,1.8737460374832153,42602,0.1,0.00063,3600,11,20.751508920000003,2152
28.48,42668,2.5694941878318787,42671,0.1,0.00063,3606,11,20.73301827,2156
27.16,42692,2.629152864217758,42694,0.1,0.00063,3608,11,19.78689091,2160
26.46,42732,3.3461002707481384,42735,0.1,0.00063,3612,11,19.28234857,2164
25.98,42828,2.271559029817581,42831,0.1,0.00063,3620,11,18.96242644,2168
26.21,42924,2.0068773925304413,42925,0.1,0.00063,3628,11,19.143616539999996,2172
25.42,43008,3.430495262145996,43010,0.1,0.00063,3635,11,18.5363109,2176
24.79,43048,2.4970909655094147,43050,0.1,0.00063,3638,11,18.105206140000004,2180
24.55,43152,2.5107392072677612,43153,0.1,0.00063,3647,11,17.94833798,2184
24.61,43220,1.8563248217105865,43222,0.1,0.00063,3653,11,17.995786249999995,2188
24.01,43248,1.7424498796463013,43249,0.1,0.00063,3655,11,17.55717838,2192
24.2,43380,2.567176938056946,43383,0.1,0.00063,3666,11,17.712416169999997,2196
23.62,43484,2.700097680091858,43485,0.1,0.00063,3675,11,17.27892804,2200
23.77,43652,1.7903841733932495,43654,0.1,0.00063,3689,11,17.37849515,2204
23.31,43728,2.8680445551872253,43731,0.1,0.00063,3696,11,17.028747109999998,2208
22.67,43808,1.5657726526260376,43809,0.1,0.00063,3702,11,16.526399689999998,2212
22.28,43940,1.6455099284648895,43944,0.1,0.00063,3714,11,16.18559187,2216
21.68,44056,2.139702022075653,44057,0.1,0.00063,3723,11,15.7247908,2220
21.32,44128,2.0173655450344086,44131,0.1,0.00063,3729,11,15.448514719999999,2224
21.22,44240,3.244810551404953,44242,0.1,0.00063,3739,11,15.323496509999998,2228
21.1,44304,2.9491463601589203,44306,0.1,0.00063,3744,11,15.293256269999997,2232
21.42,44396,2.2396048307418823,44398,0.1,0.00063,3752,11,15.545452849999998,2236
21.6,44528,3.7079110741615295,44531,0.1,0.00063,3763,11,15.695570280000002,2240
21.56,44612,3.2823170125484467,44614,0.1,0.00063,3770,11,15.653480960000003,2244
22.42,44764,2.5641562938690186,44766,0.1,0.00063,3783,11,16.309190850000004,2248
21.95,44796,2.2680350840091705,44797,0.1,0.00063,3786,11,15.964455199999998,2252
22.05,44872,2.385542333126068,44876,0.1,0.00063,3793,11,16.02519434,2256
23.49,45040,2.4746410250663757,45043,0.1,0.00063,3807,11,17.100642970000003,2260
24.09,45140,3.1864989697933197,45144,0.1,0.00063,3815,11,17.501262660000002,2264
24.2,45248,2.590716779232025,45251,0.1,0.00063,3824,11,17.57105341,2268
24.27,45348,2.304229974746704,45352,0.1,0.00063,3833,11,17.60457675,2272
25.26,45532,3.3510912656784058,45536,0.1,0.00063,3848,11,18.383447470000004,2276
25.85,45632,2.3921710699796677,45635,0.1,0.00063,3857,11,18.79918551,2280
25.99,45748,2.313648074865341,45752,0.1,0.00063,3867,11,18.872965949999998,2284
26.17,45836,2.0297849476337433,45839,0.1,0.00063,3874,11,18.98569601,2288
26.32,45880,2.042256236076355,45881,0.1,0.00063,3878,11,19.078295990000004,2292
25.59,45940,1.8559594750404358,45942,0.1,0.00063,3883,11,18.561825199999998,2296
25.89,46072,2.677883744239807,46074,0.1,0.00063,3894,11,18.764532910000003,2300
25.61,46212,2.1268813610076904,46215,0.1,0.00063,3906,11,18.593803950000005,2304
25.63,46292,2.3355004489421844,46294,0.1,0.00063,3913,11,18.62688491,2308
26.18,46424,1.6687384843826294,46427,0.1,0.00063,3924,11,19.015308440000002,2312
26.12,46552,2.4138247966766357,46556,0.1,0.00063,3935,11,18.98522488,2316
26.32,46688,1.7998286187648773,46689,0.1,0.00063,3946,11,19.12136003,2320
26.81,46808,1.8173517286777496,46812,0.1,0.00063,3956,11,19.49420656,2324
26.53,46892,3.2507941126823425,46895,0.1,0.00063,3963,11,19.284164070000003,2328
27.12,47016,1.682026132941246,47018,0.1,0.00063,3974,11,19.69583261,2332
27.03,47100,1.9876250922679901,47101,0.1,0.00063,3981,11,19.64912545,2336
26.79,47208,2.541770964860916,47210,0.1,0.00063,3990,11,19.456018930000006,2340
26.98,47308,2.052832394838333,47312,0.1,0.00063,3999,11,19.58545226,2344
26.73,47436,1.1522026360034943,47439,0.1,0.00063,4010,11,19.329509719999997,2348
27.73,47568,2.6264050006866455,47570,0.1,0.00063,4021,11,20.003763400000004,2352
27.54,47628,1.9186878204345703,47630,0.1,0.00063,4026,11,19.84887141,2356
27.18,47760,2.6395649313926697,47761,0.1,0.00063,4037,11,19.548619170000006,2360
27.69,47912,3.1309548020362854,47913,0.1,0.00063,4050,11,19.95944227,2364
27.2,47968,2.308436542749405,47971,0.1,0.00063,4054,11,19.60841214,2368
27.07,48056,3.2214543521404266,48059,0.1,0.00063,4062,11,19.480220489999997,2372
26.27,48160,2.0781208276748657,48163,0.1,0.00063,4071,11,18.866247469999998,2376
27.07,48340,2.0767145454883575,48342,0.1,0.00063,4086,11,19.43421603,2380
27.18,48468,2.739320456981659,48470,0.1,0.00063,4096,11,19.53693422,2384
26.95,48532,2.6652944087982178,48534,0.1,0.00063,4102,11,19.33301703,2388
27.47,48624,2.6586605310440063,48628,0.1,0.00063,4110,11,19.73715887,2392
28.49,48788,2.058105915784836,48791,0.1,0.00063,4124,11,20.49930164,2396
27.69,48840,2.3191836178302765,48843,0.1,0.00063,4128,11,19.91826341,2400
27.18,48932,3.2221333980560303,48933,0.1,0.00063,4136,11,19.462291739999998,2404
28.01,49092,2.1051136255264282,49095,0.1,0.00063,4149,11,20.05320249,2408
27.86,49212,2.854656621813774,49213,0.1,0.00063,4159,11,19.936333310000002,2412
27.71,49324,2.524765282869339,49327,0.1,0.00063,4169,11,19.77415559,2416
27.84,49472,2.2243598997592926,49473,0.1,0.00063,4182,11,19.866348010000003,2420
28.14,49624,1.8222588896751404,49626,0.1,0.00063,4195,11,20.076815930000002,2424
28.21,49712,2.46112921833992,49716,0.1,0.00063,4202,11,20.09529004,2428
28.11,49828,1.2372866570949554,49829,0.1,0.00063,4212,11,20.04653146,2432
28.4,49940,1.4427848756313324,49941,0.1,0.00063,4222,11,20.24301679,2436
28.81,50088,2.048534616827965,50091,0.1,0.00063,4234,11,20.543905470000006,2440
28.51,50160,2.437283933162689,50163,0.1,0.00063,4241,11,20.32359874,2444
28.23,50260,1.5623654127120972,50262,0.1,0.00063,4249,11,20.14694278,2448
28.26,50392,2.239614635705948,50396,0.1,0.00063,4260,11,20.23254461,2452
28.82,50508,1.9523102939128876,50512,0.1,0.00063,4270,11,20.648991530000004,2456
28.25,50584,2.027172915637493,50586,0.1,0.00063,4276,11,20.24596906,2460
27.89,50700,2.0991666316986084,50702,0.1,0.00063,4286,11,19.94595989,2464
28.39,50808,2.0558880865573883,50810,0.1,0.00063,4295,11,20.313906430000003,2468
28.04,50860,2.3370446860790253,50863,0.1,0.00063,4300,11,20.092091380000003,2472
28.09,50968,1.741697996854782,50972,0.1,0.00063,4309,11,20.14232716,2476
27.61,51100,3.0176466703414917,51103,0.1,0.00063,4320,11,19.83545869,2480
27.5,51216,2.1441445648670197,51220,0.1,0.00063,4330,11,19.75646174,2484
28.11,51344,2.5375491082668304,51345,0.1,0.00063,4341,11,20.21187217,2488
28.0,51424,2.1275580376386642,51428,0.1,0.00063,4348,11,20.120664860000005,2492
27.63,51552,3.095511317253113,51554,0.1,0.00063,4358,11,19.837452900000002,2496
28.51,51692,1.2558173947036266,51694,0.1,0.00063,4370,11,20.491350719999996,2500
28.51,51780,2.088146597146988,51784,0.1,0.00063,4378,11,20.52897181,2504
27.85,51876,2.2580528557300568,51880,0.1,0.00063,4386,11,20.038974319999998,2508
27.05,51916,2.1929857432842255,51918,0.1,0.00063,4389,11,19.47620262,2512
26.85,52008,3.2012377977371216,52012,0.1,0.00063,4397,11,19.36513163,2516
26.54,52124,2.0232869684696198,52127,0.1,0.00063,4407,11,19.14273952,2520
27.01,52324,2.650532156229019,52327,0.1,0.00063,4424,11,19.51583746,2524
27.1,52424,1.9788336753845215,52426,0.1,0.00063,4432,11,19.604252510000002,2528
27.42,52568,2.135630816221237,52571,0.1,0.00063,4445,11,19.803568459999997,2532
27.77,52716,2.363079756498337,52718,0.1,0.00063,4457,11,20.05044985,2536
26.67,52756,2.7347154021263123,52758,0.1,0.00063,4461,11,19.24888694,2540
26.93,52852,2.7345487475395203,52856,0.1,0.00063,4469,11,19.43824346,2544
27.54,53012,2.6072213649749756,53016,0.1,0.00063,4482,11,19.88402165,2548
27.89,53184,2.291486293077469,53185,0.1,0.00063,4497,11,20.13510457,2552
27.64,53272,3.597572684288025,53276,0.1,0.00063,4505,11,19.98466004,2556
27.54,53336,1.491430714726448,53340,0.1,0.00063,4510,11,19.908187440000003,2560
27.75,53476,1.936016172170639,53477,0.1,0.00063,4522,11,20.05931154,2564
28.18,53624,2.4924172461032867,53628,0.1,0.00063,4534,11,20.428656229999998,2568
28.73,53732,2.642278239130974,53736,0.1,0.00063,4544,11,20.859499990000003,2572
28.38,53808,2.371366024017334,53810,0.1,0.00063,4550,11,20.591729170000004,2576
28.58,53960,1.846211552619934,53961,0.1,0.00063,4563,11,20.72660263,2580
28.34,54052,2.2658150792121887,54054,0.1,0.00063,4571,11,20.541409230000003,2584
28.19,54160,2.5723049342632294,54164,0.1,0.00063,4580,11,20.44442934,2588
28.61,54288,1.5256114602088928,54289,0.1,0.00063,4591,11,20.72992263,2592
28.45,54396,2.7973333299160004,54399,0.1,0.00063,4600,11,20.591437910000003,2596
28.03,54496,2.480022430419922,54497,0.1,0.00063,4608,11,20.260351070000002,2600
27.42,54524,2.1833511888980865,54526,0.1,0.00063,4611,11,19.80405565,2604
27.23,54600,2.2777755856513977,54603,0.1,0.00063,4617,11,19.686498720000003,2608
27.58,54672,1.855822041630745,54676,0.1,0.00063,4623,11,19.93997163,2612
27.81,54792,3.4894968271255493,54793,0.1,0.00063,4633,11,20.120423519999996,2616
27.68,54892,2.571009010076523,54895,0.1,0.00063,4642,11,20.02333785,2620
27.4,55064,2.33311128616333,55067,0.1,0.00063,4657,11,19.74176503,2624
27.27,55152,2.229093536734581,55153,0.1,0.00063,4664,11,19.64359245,2628
27.47,55316,2.045042037963867,55318,0.1,0.00063,4678,11,19.82899121,2632
26.76,55392,2.13325397670269,55394,0.1,0.00063,4684,11,19.29786387,2636
27.99,55556,2.00050188601017,55557,0.1,0.00063,4698,11,20.22987888,2640
28.13,55668,2.128001183271408,55669,0.1,0.00063,4707,11,20.36406863,2644
27.28,55740,2.8065799176692963,55744,0.1,0.00063,4714,11,19.74554213,2648
26.64,55848,2.2089031040668488,55849,0.1,0.00063,4722,11,19.2734351,2652
26.53,55928,2.4269919395446777,55929,0.1,0.00063,4729,11,19.161615899999997,2656
27.54,56092,1.934807263314724,56094,0.1,0.00063,4743,11,19.885574679999998,2660
27.16,56192,1.998987466096878,56193,0.1,0.00063,4752,11,19.62914689,2664
26.07,56232,1.6905945539474487,56235,0.1,0.00063,4755,11,18.78335413,2668
25.71,56304,2.1949284970760345,56307,0.1,0.00063,4761,11,18.49897677,2672
26.54,56460,2.4517971575260162,56464,0.1,0.00063,4775,11,19.124531809999997,2676
26.26,56584,1.8377307057380676,56587,0.1,0.00063,4785,11,18.89463079,2680
26.64,56716,2.0415235459804535,56718,0.1,0.00063,4796,11,19.181241919999998,2684
26.46,56808,2.5971922278404236,56810,0.1,0.00063,4804,11,19.068849970000002,2688
26.88,56976,1.6498919278383255,56977,0.1,0.00063,4818,11,19.421906139999997,2692
26.66,57064,1.9269742369651794,57065,0.1,0.00063,4825,11,19.26874351,2696
26.95,57188,1.7447950839996338,57192,0.1,0.00063,4836,11,19.47738556,2700
27.43,57268,2.0818353593349457,57269,0.1,0.00063,4842,11,19.83315833,2704
28.46,57448,3.6532697081565857,57449,0.1,0.00063,4858,11,20.58711332,2708
29.0,57572,2.0423852801322937,57576,0.1,0.00063,4869,11,20.971730750000003,2712
28.79,57668,2.9267121851444244,57672,0.1,0.00063,4877,11,20.797082600000003,2716
28.84,57776,2.398248001933098,57779,0.1,0.00063,4886,11,20.846654309999998,2720
27.68,57832,2.2042651176452637,57835,0.1,0.00063,4891,11,20.056085969999998,2724
28.57,58008,2.228332594037056,58010,0.1,0.00063,4906,11,20.72269149,2728
27.66,58080,1.2233773171901703,58084,0.1,0.00063,4912,11,20.0352438,2732
28.19,58212,1.1158239301294088,58213,0.1,0.00063,4923,11,20.393972979999997,2736
27.35,58288,1.6384499371051788,58292,0.1,0.00063,4930,11,19.755107530000004,2740
27.22,58388,1.7714918553829193,58391,0.1,0.00063,4938,11,19.639433750000002,2744
26.92,58432,2.705706514418125,58436,0.1,0.00063,4942,11,19.43687346,2748
27.77,58624,2.45916485786438,58626,0.1,0.00063,4958,11,20.04055524,2752
27.86,58712,1.779748260974884,58715,0.1,0.00063,4965,11,20.09792375,2756
27.49,58840,2.086749851703644,58843,0.1,0.00063,4977,11,19.81833309,2760
27.34,58924,1.6856905072927475,58927,0.1,0.00063,4984,11,19.70121385,2764
28.41,59072,1.605981856584549,59076,0.1,0.00063,4996,11,20.477418259999997,2768
28.89,59192,1.8973923176527023,59196,0.1,0.00063,5006,11,20.825106249999997,2772
27.93,59256,2.603216767311096,59257,0.1,0.00063,5012,11,20.098399629999996,2776
27.33,59316,2.369630753993988,59320,0.1,0.00063,5017,11,19.676776399999998,2780
27.63,59480,3.132842242717743,59481,0.1,0.00063,5031,11,19.860476119999998,2784
28.38,59644,1.6018189042806625,59648,0.1,0.00063,5045,11,20.41158026,2788
28.71,59844,2.1394757330417633,59848,0.1,0.00063,5062,11,20.64298128,2792
28.63,59924,2.3354762494564056,59928,0.1,0.00063,5068,11,20.59610428,2796
28.46,60036,2.084159418940544,60038,0.1,0.00063,5078,11,20.49632154,2800
29.12,60180,1.9484479874372482,60181,0.1,0.00063,5090,11,20.991634989999998,2804
28.24,60272,2.1108481884002686,60273,0.1,0.00063,5098,11,20.31834339,2808
27.31,60304,2.218046486377716,60307,0.1,0.00063,5101,11,19.63903117,2812
27.09,60380,1.9039473235607147,60381,0.1,0.00063,5107,11,19.45998362,2816
26.78,60456,1.0193024277687073,60457,0.1,0.00063,5113,11,19.22546365,2820
27.07,60540,2.0642655789852142,60542,0.1,0.00063,5121,11,19.41383233,2824
26.27,60636,1.4210688173770905,60637,0.1,0.00063,5129,11,18.80067507,2828
26.4,60720,1.3836377430707216,60724,0.1,0.00063,5136,11,18.86889214,2832
25.65,60776,2.6672870814800262,60778,0.1,0.00063,5141,11,18.3661424,2836
25.71,60860,1.0722610503435135,60863,0.1,0.00063,5148,11,18.4064183,2840
25.82,60972,2.1065509021282196,60973,0.1,0.00063,5157,11,18.48013912,2844
26.72,61104,1.3208178132772446,61108,0.1,0.00063,5168,11,19.1056261,2848
26.39,61264,1.3385235518217087,61265,0.1,0.00063,5182,11,18.86090639,2852
26.99,61412,1.3359650820493698,61414,0.1,0.00063,5194,11,19.323881960000005,2856
26.01,61440,2.4730030596256256,61444,0.1,0.00063,5197,11,18.6316937,2860
26.18,61544,1.6309270933270454,61545,0.1,0.00063,5206,11,18.745937689999998,2864
26.28,61700,1.7008728310465813,61704,0.1,0.00063,5219,11,18.81077678,2868
26.32,61824,2.301388159394264,61828,0.1,0.00063,5230,11,18.82290832,2872
26.98,61952,2.12611785531044,61955,0.1,0.00063,5240,11,19.307103389999998,2876
27.61,62080,1.5876223295927048,62081,0.1,0.00063,5251,11,19.75702499,2880
27.06,62184,1.9766386896371841,62187,0.1,0.00063,5260,11,19.37421655,2884
26.79,62324,0.7887363061308861,62327,0.1,0.00063,5272,11,19.17892631,2888
26.28,62472,1.8254085332155228,62476,0.1,0.00063,5285,11,18.77446031,2892
27.2,62644,2.553792804479599,62648,0.1,0.00063,5299,11,19.444832539999997,2896
27.96,62832,1.773504838347435,62834,0.1,0.00063,5315,11,19.990228369999997,2900
28.1,62988,1.5129750072956085,62991,0.1,0.00063,5328,11,20.07354103,2904
28.23,63092,1.4359535574913025,63096,0.1,0.00063,5337,11,20.17576136,2908
29.11,63216,0.9237699061632156,63218,0.1,0.00063,5348,11,20.818226789999997,2912
30.11,63388,2.9084887206554413,63392,0.1,0.00063,5362,11,21.58186056,2916
30.76,63532,2.327108383178711,63533,0.1,0.00063,5374,11,22.067391160000003,2920
30.74,63612,2.070695161819458,63616,0.1,0.00063,5381,11,22.110555209999998,2924
31.33,63768,1.8263226225972176,63770,0.1,0.00063,5394,11,22.55745445,2928
31.19,63840,2.4419228434562683,63843,0.1,0.00063,5401,11,22.489934620000003,2932
31.52,63928,1.8759864047169685,63930,0.1,0.00063,5408,11,22.72942949,2936
31.37,63996,2.1164817065000534,64000,0.1,0.00063,5414,11,22.634513130000002,2940
31.99,64168,1.3988113403320312,64172,0.1,0.00063,5428,11,23.080338770000004,2944
31.46,64252,2.373799294233322,64254,0.1,0.00063,5435,11,22.74474793,2948
31.01,64364,1.8793278634548187,64366,0.1,0.00063,5445,11,22.44016161,2952
30.27,64440,1.4682330191135406,64441,0.1,0.00063,5451,11,21.896130049999996,2956
31.51,64592,3.0089691877365112,64595,0.1,0.00063,5464,11,22.835082260000004,2960
31.2,64664,1.4659372568130493,64665,0.1,0.00063,5470,11,22.638508560000002,2964
30.17,64720,1.7030069231987,64721,0.1,0.00063,5475,11,21.8971705,2968
29.87,64812,2.337253749370575,64815,0.1,0.00063,5483,11,21.70414813,2972
30.1,64964,1.826653152704239,64965,0.1,0.00063,5496,11,21.91774133,2976
29.61,65040,1.2391267493367195,65042,0.1,0.00063,5502,11,21.594271099999997,2980
29.37,65120,2.236580092459917,65124,0.1,0.00063,5509,11,21.43229097,2984
28.45,65168,1.460315689444542,65172,0.1,0.00063,5513,11,20.74958252,2988
27.83,65256,1.4287048131227493,65259,0.1,0.00063,5521,11,20.328245309999996,2992
26.88,65332,0.9729429930448532,65336,0.1,0.00063,5527,11,19.65634909,2996
25.99,65432,2.6934224711731076,65433,0.1,0.00063,5535,11,19.011810580000002,3000
25.78,65568,1.6572494208812714,65569,0.1,0.00063,5547,11,18.85391332,3004
25.8,65672,1.1539559066295624,65676,0.1,0.00063,5556,11,18.89355645,3008
25.24,65740,2.600935995578766,65742,0.1,0.00063,5561,11,18.51805174,3012
24.29,65820,2.3281635642051697,65821,0.1,0.00063,5568,11,17.882408840000004,3016
23.7,65900,2.78657865524292,65903,0.1,0.00063,5575,11,17.45271818,3020
23.64,65976,2.271870657801628,65980,0.1,0.00063,5582,11,17.39004689,3024
22.59,66028,2.6276527643203735,66029,0.1,0.00063,5586,11,16.67331752,3028
22.57,66096,2.7997156977653503,66100,0.1,0.00063,5592,11,16.662504010000006,3032
22.09,66136,1.646218478679657,66139,0.1,0.00063,5595,11,16.31623085,3036
22.63,66260,1.5451679304242134,66263,0.1,0.00063,5606,11,16.731357600000003,3040
21.71,66340,1.7153732180595398,66343,0.1,0.00063,5613,11,16.082997499999998,3044
21.87,66440,2.194726973772049,66441,0.1,0.00063,5621,11,16.17530276,3048
21.65,66528,1.4447060823440552,66531,0.1,0.00063,5629,11,16.05651758,3052
21.88,66628,1.0004884377121925,66629,0.1,0.00063,5637,11,16.219551290000002,3056
21.06,66700,1.5635969191789627,66701,0.1,0.00063,5643,11,15.634392150000002,3060
21.34,66796,2.475651502609253,66799,0.1,0.00063,5652,11,15.839221860000002,3064
21.96,66916,2.047586590051651,66917,0.1,0.00063,5662,11,16.299604650000003,3068
22.06,67020,2.0326263569295406,67021,0.1,0.00063,5671,11,16.38187655,3072
21.96,67160,2.2421049773693085,67161,0.1,0.00063,5683,11,16.26874308,3076
22.27,67268,1.6517251953482628,67269,0.1,0.00063,5692,11,16.47816788,3080
22.07,67328,2.0790502727031708,67331,0.1,0.00063,5697,11,16.30787303,3084
22.55,67424,2.166697472333908,67427,0.1,0.00063,5705,11,16.65211063,3088
22.14,67472,2.4904904663562775,67473,0.1,0.00063,5709,11,16.32638665,3092
22.48,67580,1.4869140535593033,67584,0.1,0.00063,5719,11,16.55319875,3096
22.83,67712,1.1324625462293625,67716,0.1,0.00063,5730,11,16.798624560000004,3100
22.49,67816,1.9447785131633282,67818,0.1,0.00063,5738,11,16.54079962,3104
22.26,67900,2.0075146853923798,67902,0.1,0.00063,5746,11,16.39913034,3108
22.16,67956,2.5290083289146423,67958,0.1,0.00063,5750,11,16.30431168,3112
22.59,68076,2.3688401579856873,68080,0.1,0.00063,5761,11,16.537739579999997,3116
23.17,68216,1.8578293323516846,68220,0.1,0.00063,5773,11,16.96375176,3120
23.62,68340,0.7335763266310096,68342,0.1,0.00063,5783,11,17.268172390000004,3124
23.66,68392,1.926783263683319,68395,0.1,0.00063,5787,11,17.266829740000002,3128
23.5,68448,0.9540720954537392,68450,0.1,0.00063,5792,11,17.10856628,3132
23.93,68528,1.4763866662979126,68532,0.1,0.00063,5799,11,17.439699899999997,3136
24.04,68664,1.8581075370311737,68667,0.1,0.00063,5810,11,17.521384459999993,3140
24.96,68836,1.326562026515603,68839,0.1,0.00063,5825,11,18.198688,3144
25.03,68940,1.961838148534298,68944,0.1,0.00063,5834,11,18.258012530000002,3148
25.73,69100,2.718387722969055,69104,0.1,0.00063,5847,11,18.72807801,3152
26.15,69240,2.4526010155677795,69244,0.1,0.00063,5859,11,19.004531120000003,3156
27.43,69440,2.4754152595996857,69444,0.1,0.00063,5876,11,19.93452455,3160
27.33,69528,1.5914832055568695,69532,0.1,0.00063,5883,11,19.82476228,3164
27.74,69688,2.0918156802654266,69691,0.1,0.00063,5897,11,20.135987229999998,3168
27.83,69800,2.3191763758659363,69804,0.1,0.00063,5906,11,20.172625689999997,3172
27.42,69900,1.4440878480672836,69903,0.1,0.00063,5915,11,19.867535929999995,3176
28.24,70092,2.186399668455124,70093,0.1,0.00063,5931,11,20.428716459999997,3180
28.75,70204,1.7878887057304382,70206,0.1,0.00063,5941,11,20.824506659999997,3184
29.2,70344,1.7967129796743393,70347,0.1,0.00063,5953,11,21.196056579999993,3188
29.66,70436,2.411869704723358,70439,0.1,0.00063,5961,11,21.546708400000004,3192
29.5,70532,2.2112449407577515,70534,0.1,0.00063,5969,11,21.44014172,3196
29.0,70612,2.744753062725067,70616,0.1,0.00063,5976,11,21.087451270000003,3200
29.3,70744,1.969083920121193,70748,0.1,0.00063,5987,11,21.32743715,3204
29.87,70888,1.6997842192649841,70889,0.1,0.00063,5999,11,21.70987744,3208
30.34,70988,2.2662197649478912,70992,0.1,0.00063,6007,11,22.04452823,3212
30.3,71108,2.283078894019127,71110,0.1,0.00063,6017,11,21.980767379999996,3216
30.14,71232,1.5678194910287857,71234,0.1,0.00063,6028,11,21.842327570000002,3220
30.19,71360,2.8399448692798615,71361,0.1,0.00063,6039,11,21.86615879,3224
31.58,71552,1.2692334949970245,71553,0.1,0.00063,6055,11,22.880116630000003,3228
32.15,71664,1.9624256789684296,71665,0.1,0.00063,6065,11,23.290328120000005,3232
32.58,71788,2.016318619251251,71790,0.1,0.00063,6075,11,23.548716040000002,3236
32.75,71940,1.7373321652412415,71942,0.1,0.00063,6088,11,23.617470380000004,3240
32.82,72120,1.9199863970279694,72121,0.1,0.00063,6103,11,23.643809350000005,3244
32.35,72176,2.139460176229477,72179,0.1,0.00063,6108,11,23.28044099,3248
31.9,72292,1.9784713387489319,72294,0.1,0.00063,6118,11,22.942816930000003,3252
32.12,72452,1.8380127251148224,72456,0.1,0.00063,6131,11,23.14461478,3256
30.86,72528,1.7736337184906006,72530,0.1,0.00063,6138,11,22.178446710000003,3260
31.38,72668,1.720943734049797,72670,0.1,0.00063,6149,11,22.563787549999997,3264
30.25,72712,2.0807662904262543,72716,0.1,0.00063,6153,11,21.72952526,3268
30.71,72872,1.6340657323598862,72875,0.1,0.00063,6167,11,22.05506781,3272
30.93,72992,1.504794031381607,72996,0.1,0.00063,6177,11,22.22377157,3276
30.06,73096,2.2020895779132843,73099,0.1,0.00063,6186,11,21.63162461,3280
30.34,73236,1.7435052692890167,73240,0.1,0.00063,6198,11,21.784674280000004,3284
29.86,73332,1.5709169954061508,73333,0.1,0.00063,6206,11,21.436872159999997,3288
29.92,73428,1.846342384815216,73431,0.1,0.00063,6214,11,21.497153510000004,3292
29.42,73472,1.5456252992153168,73476,0.1,0.00063,6218,11,21.157103080000002,3296
30.03,73616,1.2214930690824986,73619,0.1,0.00063,6230,11,21.61343425,3300
30.13,73760,1.80884650349617,73761,0.1,0.00063,6242,11,21.655614959999998,3304
30.52,73940,1.7614841312170029,73941,0.1,0.00063,6257,11,21.950095979999993,3308
30.51,74040,2.034474015235901,74043,0.1,0.00063,6265,11,21.90928018,3312
30.31,74140,1.6861603111028671,74141,0.1,0.00063,6274,11,21.807168320000002,3316
30.82,74312,1.866916075348854,74316,0.1,0.00063,6288,11,22.127959330000003,3320
30.93,74452,1.8510871529579163,74454,0.1,0.00063,6300,11,22.2314262,3324
29.81,74532,2.5814119130373,74534,0.1,0.00063,6307,11,21.383921270000005,3328
29.93,74656,1.385421484708786,74658,0.1,0.00063,6318,11,21.52593225,3332
30.24,74812,1.9247037470340729,74814,0.1,0.00063,6331,11,21.776809640000007,3336
29.77,74916,3.0337361693382263,74919,0.1,0.00063,6340,11,21.452531099999998,3340
29.04,75024,1.6513283401727676,75025,0.1,0.00063,6349,11,20.927513109999996,3344
29.39,75116,3.236207127571106,75118,0.1,0.00063,6357,11,21.21249438,3348
29.8,75272,1.3413043934851885,75274,0.1,0.00063,6370,11,21.51434437,3352
29.25,75380,2.3281706869602203,75381,0.1,0.00063,6379,11,21.09030075,3356
29.51,75480,1.377392590045929,75481,0.1,0.00063,6388,11,21.28295201,3360
29.89,75656,1.9868315872736275,75659,0.1,0.00063,6403,11,21.605148979999996,3364
30.8,75792,1.9764502048492432,75796,0.1,0.00063,6414,11,22.27400195,3368
30.66,75940,1.5666493326425552,75941,0.1,0.00063,6427,11,22.21931637,3372
31.2,76112,2.021751657128334,76116,0.1,0.00063,6441,11,22.668820639999993,3376
31.56,76252,1.6050125360488892,76255,0.1,0.00063,6453,11,22.90301723,3380
31.09,76348,1.5053677409887314,76349,0.1,0.00063,6461,11,22.59182825,3384
31.52,76484,1.5297655910253525,76485,0.1,0.00063,6473,11,22.876485479999996,3388
31.66,76596,2.242068827152252,76597,0.1,0.00063,6482,11,22.98483404,3392
31.66,76640,2.3195561468601227,76642,0.1,0.00063,6486,11,22.94860756,3396
30.59,76676,2.4307830035686493,76678,0.1,0.00063,6489,11,22.13452152,3400
30.58,76816,1.5101815164089203,76819,0.1,0.00063,6501,11,22.148799740000005,3404
30.47,76984,1.4872044324874878,76988,0.1,0.00063,6515,11,22.081454620000002,3408
30.58,77100,1.8244106769561768,77101,0.1,0.00063,6524,11,22.225205290000005,3412
30.18,77156,1.7511513158679008,77159,0.1,0.00063,6529,11,21.921620010000005,3416
28.91,77204,1.5060467571020126,77207,0.1,0.00063,6533,11,21.049685430000004,3420
28.4,77292,1.775433897972107,77294,0.1,0.00063,6541,11,20.66789053,3424
28.58,77388,1.1993563771247864,77392,0.1,0.00063,6549,11,20.83445973,3428
28.82,77536,1.4401423335075378,77540,0.1,0.00063,6562,11,20.97654505,3432
28.46,77656,2.5483139753341675,77660,0.1,0.00063,6572,11,20.75145238,3436
28.21,77736,2.0454019010066986,77740,0.1,0.00063,6578,11,20.58589301,3440
28.07,77828,2.3315637409687042,77832,0.1,0.00063,6586,11,20.49356781,3444
28.72,77988,1.741626501083374,77990,0.1,0.00063,6600,11,20.99083728,3448
27.85,78056,2.161996752023697,78059,0.1,0.00063,6606,11,20.34077337,3452
27.36,78116,1.297069326043129,78117,0.1,0.00063,6611,11,19.98815339,3456
27.21,78200,2.8261138200759888,78202,0.1,0.00063,6618,11,19.893014130000005,3460
26.08,78264,1.8857649564743042,78267,0.1,0.00063,6623,11,19.03527533,3464
25.13,78308,2.252257913351059,78309,0.1,0.00063,6627,11,18.33792881,3468
24.71,78408,1.5441381931304932,78412,0.1,0.00063,6636,11,18.044149689999998,3472
23.44,78456,2.100247398018837,78460,0.1,0.00063,6640,11,17.070438909999996,3476
22.97,78548,1.2107485681772232,78552,0.1,0.00063,6647,11,16.74581108,3480
23.16,78664,1.9001621901988983,78665,0.1,0.00063,6657,11,16.922433199999997,3484
22.01,78684,2.251260757446289,78686,0.1,0.00063,6659,11,16.070001789999996,3488
21.26,78720,1.7781295031309128,78723,0.1,0.00063,6662,11,15.5059912,3492
21.44,78784,1.9004735052585602,78786,0.1,0.00063,6667,11,15.666244859999999,3496
21.44,78820,1.9565337002277374,78822,0.1,0.00063,6670,11,15.700284980000001,3500
20.83,78900,1.4032523781061172,78902,0.1,0.00063,6677,11,15.29880266,3504
19.57,78944,1.2253703204914927,78945,0.1,0.00063,6681,11,14.36728758,3508
19.05,79004,2.309061110019684,79006,0.1,0.00063,6686,11,13.999890070000003,3512
19.32,79088,1.8939802050590515,79091,0.1,0.00063,6693,11,14.24470844,3516
19.51,79156,1.4493023306131363,79158,0.1,0.00063,6699,11,14.409986929999997,3520
19.12,79204,1.9567672312259674,79206,0.1,0.00063,6703,11,14.12757341,3524
19.33,79324,1.7736195400357246,79325,0.1,0.00063,6713,11,14.310473870000001,3528
18.54,79392,1.4181352853775024,79394,0.1,0.00063,6719,11,13.781943990000002,3532
18.57,79516,2.3657723665237427,79517,0.1,0.00063,6730,11,13.81924785,3536
18.46,79584,1.21244777739048,79586,0.1,0.00063,6735,11,13.762023000000001,3540
18.33,79664,1.5665461421012878,79665,0.1,0.00063,6742,11,13.724514670000001,3544
17.63,79752,1.7875956296920776,79753,0.1,0.00063,6750,11,13.19715602,3548
18.33,79888,1.973563015460968,79892,0.1,0.00063,6761,11,13.765702139999998,3552
18.84,80000,1.873875379562378,80001,0.1,0.00063,6771,11,14.148222789999998,3556
19.14,80112,2.2664507180452347,80116,0.1,0.00063,6780,11,14.378859290000001,3560
19.03,80168,1.80325248837471,80170,0.1,0.00063,6785,11,14.289302010000002,3564
19.8,80288,1.4176054149866104,80289,0.1,0.00063,6795,11,14.87507496,3568
20.0,80408,1.4403839409351349,80412,0.1,0.00063,6805,11,14.974434960000002,3572
20.23,80480,1.2202367186546326,80483,0.1,0.00063,6811,11,15.1503169,3576
20.25,80576,1.7647672593593597,80577,0.1,0.00063,6819,11,15.165809619999997,3580
20.35,80696,2.2966096997261047,80700,0.1,0.00063,6830,11,15.24300702,3584
21.78,80860,2.8928475975990295,80864,0.1,0.00063,6844,11,16.31902301,3588
22.66,80988,1.506701499223709,80989,0.1,0.00063,6854,11,16.976362779999995,3592
23.1,81092,2.4788603484630585,81096,0.1,0.00063,6863,11,17.26253239,3596
23.48,81168,1.7445622980594635,81170,0.1,0.00063,6869,11,17.55487983,3600
23.5,81248,1.5334955006837845,81252,0.1,0.00063,6876,11,17.540792080000003,3604
24.24,81368,1.5807688757777214,81369,0.1,0.00063,6886,11,18.102591959999994,3608
24.4,81444,1.6640085875988007,81446,0.1,0.00063,6893,11,18.212966759999997,3612
24.49,81536,1.9699691236019135,81540,0.1,0.00063,6901,11,18.266387299999998,3616
24.5,81604,2.592822641134262,81608,0.1,0.00063,6907,11,18.25578659,3620
24.89,81692,2.96944659948349,81695,0.1,0.00063,6914,11,18.52687082,3624
24.46,81768,2.358537435531616,81771,0.1,0.00063,6921,11,18.175346419999997,3628
24.55,81848,1.4565559327602386,81849,0.1,0.00063,6928,11,18.2099355,3632
24.32,81948,1.3806797452270985,81949,0.1,0.00063,6936,11,18.053373729999997,3636
24.79,82064,1.6198131740093231,82065,0.1,0.00063,6946,11,18.388490009999998,3640
24.51,82112,1.9807134792208672,82116,0.1,0.00063,6950,11,18.123755369999998,3644
24.73,82224,2.0996449291706085,82226,0.1,0.00063,6960,11,18.288911180000003,3648
24.84,82372,2.2170262336730957,82376,0.1,0.00063,6972,11,18.347798519999998,3652
24.67,82464,1.8798960447311401,82468,0.1,0.00063,6980,11,18.25371305,3656
24.82,82596,2.1842357516288757,82598,0.1,0.00063,6991,11,18.338200299999997,3660
25.59,82728,2.684497654438019,82729,0.1,0.00063,7003,11,18.943006859999997,3664
25.75,82860,1.38542802631855,82864,0.1,0.00063,7014,11,19.02360907,3668
26.36,83044,1.6268324553966522,83048,0.1,0.00063,7030,11,19.47387198,3672
26.54,83136,1.4679207503795624,83137,0.1,0.00063,7038,11,19.58969569,3676
26.46,83220,1.7677732408046722,83223,0.1,0.00063,7045,11,19.528829090000002,3680
26.18,83316,1.503097951412201,83318,0.1,0.00063,7053,11,19.278898880000007,3684
25.65,83428,1.3435042724013329,83429,0.1,0.00063,7063,11,18.845081470000004,3688
25.99,83584,1.8356571793556213,83588,0.1,0.00063,7076,11,19.0917388,3692
26.34,83728,2.4072011560201645,83730,0.1,0.00063,7088,11,19.34445432,3696
27.6,83928,2.6387003660202026,83930,0.1,0.00063,7105,11,20.245984399999998,3700
27.65,84016,2.178388386964798,84017,0.1,0.00063,7113,11,20.28000461,3704
28.04,84172,1.6792989671230316,84173,0.1,0.00063,7126,11,20.548213290000003,3708
28.59,84304,1.754150539636612,84305,0.1,0.00063,7137,11,20.916062730000004,3712
28.79,84416,2.0124651193618774,84419,0.1,0.00063,7147,11,21.01216334,3716
29.38,84544,1.7357109067961574,84546,0.1,0.00063,7157,11,21.428089789999994,3720
29.3,84624,1.0445546358823776,84625,0.1,0.00063,7164,11,21.397695439999996,3724
29.7,84740,1.1694604605436325,84741,0.1,0.00063,7174,11,21.712110180000003,3728
30.11,84856,1.6924142241477966,84860,0.1,0.00063,7184,11,22.008400849999997,3732
29.88,84936,1.1195458993315697,84937,0.1,0.00063,7190,11,21.79513883,3736
29.68,85032,2.382328361272812,85033,0.1,0.00063,7198,11,21.613053070000007,3740
29.74,85088,2.1476030871272087,85090,0.1,0.00063,7203,11,21.65555993,3744
29.56,85180,1.8089090883731842,85182,0.1,0.00063,7211,11,21.49840467,3748
29.21,85296,2.3511258959770203,85297,0.1,0.00063,7221,11,21.234667609999995,3752
29.97,85464,1.9262258261442184,85465,0.1,0.00063,7235,11,21.77665474999999,3756
29.64,85560,2.555271238088608,85562,0.1,0.00063,7243,11,21.557399939999996,3760
29.76,85704,2.0708793699741364,85705,0.1,0.00063,7255,11,21.62146399,3764
29.1,85772,1.1269183903932571,85774,0.1,0.00063,7261,11,21.11855549,3768
28.86,85932,3.080001711845398,85934,0.1,0.00063,7275,11,20.971392500000007,3772
28.74,86008,2.298123210668564,86011,0.1,0.00063,7281,11,20.87501087,3776
28.57,86076,0.8934977650642395,86080,0.1,0.00063,7287,11,20.73036157,3780
28.36,86152,2.5665319561958313,86154,0.1,0.00063,7293,11,20.60377722,3784
28.0,86228,2.063819020986557,86229,0.1,0.00063,7300,11,20.370484079999997,3788
27.72,86356,1.4689860045909882,86360,0.1,0.00063,7311,11,20.15763786,3792
26.83,86412,1.160325761884451,86413,0.1,0.00063,7315,11,19.55473286,3796
26.27,86556,1.3083649575710297,86557,0.1,0.00063,7328,11,19.171418400000004,3800
26.19,86632,1.3279565460979939,86636,0.1,0.00063,7334,11,19.125632099999997,3804
25.21,86692,2.3264303654432297,86694,0.1,0.00063,7339,11,18.394441679999996,3808
24.31,86732,1.7992234826087952,86736,0.1,0.00063,7343,11,17.755278539999996,3812
23.94,86812,1.7674094438552856,86813,0.1,0.00063,7349,11,17.527348539999995,3816
23.47,86892,2.2683401703834534,86893,0.1,0.00063,7356,11,17.17230201,3820
23.3,86952,2.531834900379181,86955,0.1,0.00063,7361,11,17.02925211,3824
23.33,87072,2.568396106362343,87074,0.1,0.00063,7372,11,17.04386115,3828
23.5,87208,1.9906534254550934,87210,0.1,0.00063,7383,11,17.176973150000002,3832
23.28,87264,2.8046975880861282,87265,0.1,0.00063,7388,11,17.010845050000004,3836
22.91,87320,2.0501389652490616,87324,0.1,0.00063,7393,11,16.741603299999998,3840
23.09,87396,2.363835722208023,87399,0.1,0.00063,7399,11,16.89840356,3844
23.22,87500,2.092744007706642,87504,0.1,0.00063,7408,11,16.996153409999998,3848
23.96,87692,2.43632110953331,87693,0.1,0.00063,7424,11,17.57520609,3852
22.74,87736,2.195515900850296,87739,0.1,0.00063,7428,11,16.65212572,3856
22.51,87812,2.53047314286232,87813,0.1,0.00063,7435,11,16.511381259999997,3860
22.3,87932,2.1242175847291946,87935,0.1,0.00063,7445,11,16.36200281,3864
21.82,87952,1.7689350694417953,87956,0.1,0.00063,7447,11,16.028644090000004,3868
21.09,88040,1.536913175135851,88043,0.1,0.00063,7454,11,15.496775849999999,3872
20.86,88096,2.321581691503525,88097,0.1,0.00063,7459,11,15.336734600000002,3876
20.6,88136,1.8385142982006073,88140,0.1,0.00063,7463,11,15.1631626,3880
20.7,88220,1.8801409900188446,88224,0.1,0.00063,7470,11,15.23449294,3884
20.87,88312,1.591115951538086,88316,0.1,0.00063,7478,11,15.3653677,3888
20.45,88404,1.8294044137001038,88405,0.1,0.00063,7485,11,15.08781878,3892
20.69,88480,1.8505891859531403,88482,0.1,0.00063,7492,11,15.217411829999998,3896
20.16,88572,2.5432313084602356,88573,0.1,0.00063,7499,11,14.803931619999998,3900
19.74,88608,1.8724808609113097,88610,0.1,0.00063,7503,11,14.47737996,3904
19.76,88668,1.9653540253639221,88670,0.1,0.00063,7508,11,14.5041503,3908
20.05,88740,2.4538829922676086,88741,0.1,0.00063,7514,11,14.713021359999997,3912
19.62,88772,0.9681598544120789,88775,0.1,0.00063,7517,11,14.37476375,3916
19.65,88856,2.161582425236702,88858,0.1,0.00063,7524,11,14.41642467,3920
20.24,88976,1.9669728875160217,88979,0.1,0.00063,7534,11,14.880170999999997,3924
19.86,89056,2.6499796509742737,89060,0.1,0.00063,7541,11,14.600425039999998,3928
19.71,89180,3.4452467560768127,89181,0.1,0.00063,7551,11,14.553861419999999,3932
20.07,89268,1.4749777913093567,89272,0.1,0.00063,7559,11,14.823221079999998,3936
21.02,89424,1.498342752456665,89426,0.1,0.00063,7572,11,15.585958019999998,3940
21.74,89572,1.9999013543128967,89573,0.1,0.00063,7584,11,16.089532219999995,3944
22.32,89732,1.4925475269556046,89736,0.1,0.00063,7598,11,16.497129249999997,3948
21.84,89876,1.3938378635793924,89877,0.1,0.00063,7610,11,16.10752561,3952
22.47,89984,2.1501669734716415,89986,0.1,0.00063,7619,11,16.568116900000003,3956
22.31,90040,2.753301188349724,90044,0.1,0.00063,7624,11,16.398581650000004,3960
22.58,90192,0.7590626627206802,90193,0.1,0.00063,7637,11,16.608749200000002,3964
23.6,90312,2.043163388967514,90316,0.1,0.00063,7647,11,17.363512849999996,3968
24.06,90448,1.3240325823426247,90449,0.1,0.00063,7658,11,17.66520196,3972
24.16,90512,2.3450190126895905,90513,0.1,0.00063,7664,11,17.71948657,3976
25.71,90708,1.5609471946954727,90711,0.1,0.00063,7680,11,18.891462720000003,3980
25.55,90776,2.0364571809768677,90779,0.1,0.00063,7686,11,18.76528893,3984
26.18,90932,2.085300087928772,90934,0.1,0.00063,7699,11,19.22132587,3988
26.23,91024,0.8098239861428738,91028,0.1,0.00063,7707,11,19.209694090000003,3992
26.32,91112,2.3986740112304688,91114,0.1,0.00063,7714,11,19.287006540000004,3996
26.27,91196,2.113688498735428,91200,0.1,0.00063,7722,11,19.213850129999997,4000
27.26,91332,2.4205020666122437,91336,0.1,0.00063,7733,11,19.94859485,4004
27.55,91424,2.906322181224823,91425,0.1,0.00063,7741,11,20.14096997,4008
27.74,91512,2.225021481513977,91515,0.1,0.00063,7749,11,20.26719815,4012
28.8,91652,1.4326013326644897,91655,0.1,0.00063,7760,11,21.05051109,4016
28.75,91732,1.9409170597791672,91733,0.1,0.00063,7767,11,21.035457110000003,4020
28.79,91856,2.4679560363292694,91858,0.1,0.00063,7778,11,21.0483029,4024
29.2,91976,2.079302281141281,91980,0.1,0.00063,7788,11,21.340234600000002,4028
29.75,92152,1.4074445515871048,92156,0.1,0.00063,7803,11,21.62325034,4032
30.01,92272,2.3380976617336273,92273,0.1,0.00063,7813,11,21.79072749000001,4036
29.32,92356,2.6608358025550842,92358,0.1,0.00063,7820,11,21.23371394,4040
28.81,92452,1.718803621828556,92454,0.1,0.00063,7828,11,20.86659933,4044
28.51,92584,2.593289852142334,92587,0.1,0.00063,7840,11,20.69341714,4048
28.32,92708,1.21427683532238,92709,0.1,0.00063,7850,11,20.556634210000002,4052
28.04,92788,1.6699527502059937,92790,0.1,0.00063,7857,11,20.345380660000004,4056
28.28,92868,2.6902355551719666,92872,0.1,0.00063,7864,11,20.526757330000006,4060
28.2,93012,1.7154267877340317,93013,0.1,0.00063,7876,11,20.457745629999998,4064
28.04,93116,2.0087623298168182,93120,0.1,0.00063,7885,11,20.321905319999995,4068
28.16,93264,2.023954689502716,93265,0.1,0.00063,7897,11,20.422540520000002,4072
28.35,93344,3.0074917674064636,93348,0.1,0.00063,7904,11,20.583596430000004,4076
27.29,93436,2.3501132875680923,93440,0.1,0.00063,7912,11,19.77777439,4080
27.69,93544,0.9781119832769036,93548,0.1,0.00063,7921,11,20.07811233,4084
27.5,93680,0.8240439184010029,93684,0.1,0.00063,7932,11,19.90204679,4088
27.46,93772,2.5663212835788727,93774,0.1,0.00063,7940,11,19.840077260000005,4092
27.59,93872,1.832483634352684,93873,0.1,0.00063,7948,11,19.95894703,4096
27.85,93984,2.223018914461136,93985,0.1,0.00063,7958,11,20.224313600000002,4100
27.63,94096,2.144834488630295,94099,0.1,0.00063,7967,11,20.06880809,4104
28.23,94244,2.1377840638160706,94248,0.1,0.00063,7980,11,20.51890037,4108
28.76,94388,1.6141342669725418,94391,0.1,0.00063,7992,11,20.911237120000006,4112
28.32,94484,1.5065748617053032,94487,0.1,0.00063,8000,11,20.58700926,4116
29.43,94672,1.5943715274333954,94676,0.1,0.00063,8016,11,21.364837489999996,4120
29.49,94804,2.4745287895202637,94807,0.1,0.00063,8027,11,21.40923954,4124
29.95,94972,1.8205468952655792,94975,0.1,0.00063,8041,11,21.753309939999998,4128
29.73,95128,1.7644392549991608,95129,0.1,0.00063,8055,11,21.652900090000006,4132
29.94,95264,2.0689443200826645,95267,0.1,0.00063,8066,11,21.805851460000007,4136
29.98,95352,2.2910738587379456,95356,0.1,0.00063,8074,11,21.83273399,4140
30.65,95516,2.6898949444293976,95519,0.1,0.00063,8088,11,22.31874941,4144
30.36,95620,1.8994504511356354,95623,0.1,0.00063,8096,11,22.04528829,4148
30.77,95784,2.3349547535181046,95786,0.1,0.00063,8110,11,22.354318550000002,4152
30.74,95860,1.9697764739394188,95864,0.1,0.00063,8117,11,22.34406782,4156
30.65,95936,2.273174375295639,95937,0.1,0.00063,8123,11,22.286248080000004,4160
30.61,96072,1.2389966249465942,96074,0.1,0.00063,8135,11,22.23551201,4164
30.75,96192,1.65315443277359,96195,0.1,0.00063,8145,11,22.32516207,4168
30.75,96336,1.9587569534778595,96340,0.1,0.00063,8158,11,22.335003840000002,4172
30.24,96368,1.1667133569717407,96372,0.1,0.00063,8160,11,21.962635340000006,4176
29.79,96416,2.1477145850658417,96419,0.1,0.00063,8164,11,21.60960442,4180
29.45,96492,1.6178453713655472,96493,0.1,0.00063,8171,11,21.37718405,4184
29.17,96600,1.5440352894365788,96601,0.1,0.00063,8180,11,21.204554750000003,4188
28.76,96648,1.2838527262210846,96650,0.1,0.00063,8184,11,20.951738239999994,4192
28.76,96748,1.673002302646637,96749,0.1,0.00063,8193,11,20.941866619999995,4196
29.53,96936,1.93349227309227,96938,0.1,0.00063,8209,11,21.479402909999994,4200
29.45,97040,1.5525601506233215,97044,0.1,0.00063,8218,11,21.397645160000003,4204
28.91,97136,1.6073396131396294,97139,0.1,0.00063,8226,11,20.985136530000005,4208
28.65,97252,2.756315916776657,97256,0.1,0.00063,8236,11,20.818236669999997,4212
29.04,97388,1.6221448630094528,97391,0.1,0.00063,8247,11,21.09427119,4216
28.3,97504,1.8363684713840485,97506,0.1,0.00063,8257,11,20.600682069999998,4220
27.93,97596,1.7687398493289948,97600,0.1,0.00063,8265,11,20.33919619,4224
27.28,97700,1.8761987574398518,97703,0.1,0.00063,8273,11,19.905074009999996,4228
26.97,97824,2.847829043865204,97826,0.1,0.00063,8284,11,19.706881709999998,4232
26.21,97884,2.312728613615036,97888,0.1,0.00063,8289,11,19.202552780000005,4236
26.11,97964,2.3631821870803833,97967,0.1,0.00063,8296,11,19.14519798,4240
25.12,98028,2.4751271083950996,98031,0.1,0.00063,8301,11,18.45799376,4244
24.7,98092,1.3508881852030754,98093,0.1,0.00063,8306,11,18.186427520000002,4248
24.04,98188,2.2740855515003204,98190,0.1,0.00063,8315,11,17.6834892,4252
24.16,98276,1.996155045926571,98280,0.1,0.00063,8322,11,17.765027240000002,4256
24.28,98364,1.507329300045967,98365,0.1,0.00063,8329,11,17.83973037,4260
24.17,98488,1.2866109907627106,98491,0.1,0.00063,8340,11,17.822830080000003,4264
23.99,98592,2.0386917889118195,98594,0.1,0.00063,8349,11,17.71956738,4268
23.32,98668,1.5254792124032974,98672,0.1,0.00063,8355,11,17.217483740000002,4272
24.12,98780,1.4574292451143265,98784,0.1,0.00063,8365,11,17.81260531,4276
24.96,98912,1.6791016161441803,98915,0.1,0.00063,8376,11,18.49563306,4280
25.08,99000,1.9657034575939178,99001,0.1,0.00063,8383,11,18.566316280000002,4284
24.79,99076,1.6189816296100616,99080,0.1,0.00063,8390,11,18.3496031,4288
24.72,99120,2.006063088774681,99122,0.1,0.00063,8393,11,18.283308100000003,4292
24.31,99176,2.0823456309735775,99180,0.1,0.00063,8398,11,18.00122281,4296
23.45,99280,2.474738374352455,99283,0.1,0.00063,8407,11,17.35885095,4300
23.11,99352,2.5275822579860687,99355,0.1,0.00063,8413,11,17.1376813,4304
23.25,99460,3.1286429464817047,99464,0.1,0.00063,8422,11,17.25857817,4308
23.17,99572,1.8349129855632782,99573,0.1,0.00063,8431,11,17.199373029999997,4312
22.87,99676,1.4584247767925262,99678,0.1,0.00063,8440,11,16.984519489999997,4316
22.65,99768,1.4341500997543335,99771,0.1,0.00063,8448,11,16.80700317,4320
23.03,99900,1.9617805182933807,99903,0.1,0.00063,8459,11,17.080762479999997,4324
22.66,99968,2.046809136867523,99969,0.1,0.00063,8465,11,16.737842099999998,4328
